observed_at,iteration_started_at,iteration_finished_at,processing_time_since_observed_at,mean_processing_time_since_observed_at,min_processing_time_since_observed_at,max_processing_time_since_observed_at,query_execution_time,mean_execution_time,min_execution_time,max_execution_time,notifications_received
2025-09-19T14:51:58.140816Z,2025-09-19T14:51:57.553129Z,2025-09-19T14:51:58.184881Z,44.065,44.065,44.065,44.065,631.752,631.752,631.752,631.752,1
2025-09-19T14:52:03.747743Z,2025-09-19T14:52:03.190730Z,2025-09-19T14:52:03.763105Z,15.362,29.7135,15.362,44.065,572.375,602.0635,572.375,631.752,2
2025-09-19T14:52:09.333785Z,2025-09-19T14:52:08.768992Z,2025-09-19T14:52:09.348572Z,14.786999999999999,24.738,14.786999999999999,44.065,579.5799999999999,594.569,572.375,631.752,3
2025-09-19T14:52:14.889266Z,2025-09-19T14:52:14.350293Z,2025-09-19T14:52:14.902624Z,13.358,21.893,13.358,44.065,552.331,584.0095,552.331,631.752,4
2025-09-19T14:52:20.466476Z,2025-09-19T14:52:19.906314Z,2025-09-19T14:52:20.480573Z,14.097,20.3338,13.358,44.065,574.259,582.0594,552.331,631.752,5
2025-09-19T14:52:26.042909Z,2025-09-19T14:52:25.486291Z,2025-09-19T14:52:26.056347Z,13.438,19.1845,13.358,44.065,570.056,580.0588333333333,552.331,631.752,6
2025-09-19T14:52:31.625871Z,2025-09-19T14:52:31.058379Z,2025-09-19T14:52:31.640223Z,14.352,18.494142857142855,13.358,44.065,581.844,580.3138571428572,552.331,631.752,7
2025-09-19T14:52:37.200375Z,2025-09-19T14:52:36.643482Z,2025-09-19T14:52:37.213771Z,13.396,17.856875,13.358,44.065,570.2890000000001,579.06075,552.331,631.752,8
2025-09-19T14:52:42.799745Z,2025-09-19T14:52:42.218297Z,2025-09-19T14:52:42.813106Z,13.360999999999999,17.357333333333333,13.358,44.065,594.8090000000001,580.8105555555555,552.331,631.752,9
2025-09-19T14:52:48.335753Z,2025-09-19T14:52:47.818848Z,2025-09-19T14:52:48.348661Z,12.908,16.9124,12.908,44.065,529.813,575.7108,529.813,631.752,10
2025-09-19T14:52:53.919273Z,2025-09-19T14:52:53.351292Z,2025-09-19T14:52:53.932058Z,12.785,16.537181818181814,12.785,44.065,580.766,576.1703636363635,529.813,631.752,11
2025-09-19T14:52:59.494284Z,2025-09-19T14:52:58.934315Z,2025-09-19T14:52:59.507302Z,13.018,16.243916666666667,12.785,44.065,572.9870000000001,575.9050833333333,529.813,631.752,12
2025-09-19T14:53:05.091356Z,2025-09-19T14:53:04.512698Z,2025-09-19T14:53:05.104293Z,12.937000000000001,15.989538461538462,12.785,44.065,591.595,577.112,529.813,631.752,13
2025-09-19T14:53:10.681783Z,2025-09-19T14:53:10.109222Z,2025-09-19T14:53:10.694454Z,12.671,15.7525,12.671,44.065,585.232,577.692,529.813,631.752,14
2025-09-19T14:53:16.260628Z,2025-09-19T14:53:15.699579Z,2025-09-19T14:53:16.273436Z,12.808,15.556199999999997,12.671,44.065,573.857,577.4363333333333,529.813,631.752,15
2025-09-19T14:53:21.837680Z,2025-09-19T14:53:21.278295Z,2025-09-19T14:53:21.850559Z,12.879,15.388874999999999,12.671,44.065,572.264,577.1130625000001,529.813,631.752,16
2025-09-19T14:53:27.403516Z,2025-09-19T14:53:26.854389Z,2025-09-19T14:53:27.416403Z,12.886999999999999,15.24170588235294,12.671,44.065,562.014,576.2248823529412,529.813,631.752,17
2025-09-19T14:53:32.990317Z,2025-09-19T14:53:32.420341Z,2025-09-19T14:53:33.003108Z,12.791,15.105555555555554,12.671,44.065,582.767,576.5883333333334,529.813,631.752,18
2025-09-19T14:53:38.570379Z,2025-09-19T14:53:38.006292Z,2025-09-19T14:53:38.582949Z,12.57,14.972105263157895,12.57,44.065,576.6569999999999,576.591947368421,529.813,631.752,19
2025-09-19T14:53:44.106228Z,2025-09-19T14:53:43.586315Z,2025-09-19T14:53:44.118534Z,12.306,14.838799999999999,12.306,44.065,532.219,574.3733,529.813,631.752,20
2025-09-19T14:53:49.695403Z,2025-09-19T14:53:49.121729Z,2025-09-19T14:53:49.708369Z,12.966,14.749619047619046,12.306,44.065,586.6400000000001,574.9574285714286,529.813,631.752,21
2025-09-19T14:53:55.217186Z,2025-09-19T14:53:54.710316Z,2025-09-19T14:53:55.229944Z,12.758000000000001,14.659090909090907,12.306,44.065,519.6279999999999,572.4424545454547,519.6279999999999,631.752,22
2025-09-19T14:54:00.818218Z,2025-09-19T14:54:00.234303Z,2025-09-19T14:54:00.831203Z,12.985,14.586304347826085,12.306,44.065,596.9,573.5058260869565,519.6279999999999,631.752,23
2025-09-19T14:54:06.393728Z,2025-09-19T14:54:05.834359Z,2025-09-19T14:54:06.406689Z,12.961,14.518583333333334,12.306,44.065,572.33,573.4568333333333,519.6279999999999,631.752,24
2025-09-19T14:54:11.968269Z,2025-09-19T14:54:11.411041Z,2025-09-19T14:54:11.981341Z,13.072000000000001,14.46072,12.306,44.065,570.3000000000001,573.33056,519.6279999999999,631.752,25
2025-09-19T14:54:17.530776Z,2025-09-19T14:54:16.986291Z,2025-09-19T14:54:17.544090Z,13.314,14.416615384615385,12.306,44.065,557.7990000000001,572.7331923076922,519.6279999999999,631.752,26
2025-09-19T14:54:23.086468Z,2025-09-19T14:54:22.546298Z,2025-09-19T14:54:23.099196Z,12.728,14.354074074074074,12.306,44.065,552.898,571.9985555555555,519.6279999999999,631.752,27
2025-09-19T14:54:28.648191Z,2025-09-19T14:54:28.102351Z,2025-09-19T14:54:28.660574Z,12.383,14.28367857142857,12.306,44.065,558.2230000000001,571.5065714285714,519.6279999999999,631.752,28
2025-09-19T14:54:34.223245Z,2025-09-19T14:54:33.666313Z,2025-09-19T14:54:34.236143Z,12.898,14.235896551724139,12.306,44.065,569.8299999999999,571.4487586206897,519.6279999999999,631.752,29
2025-09-19T14:54:39.817930Z,2025-09-19T14:54:39.239098Z,2025-09-19T14:54:39.831580Z,13.65,14.216366666666667,12.306,44.065,592.482,572.1498666666666,519.6279999999999,631.752,30
2025-09-19T14:54:45.377191Z,2025-09-19T14:54:44.836942Z,2025-09-19T14:54:45.390689Z,13.498,14.193193548387098,12.306,44.065,553.747,571.5562258064516,519.6279999999999,631.752,31
2025-09-19T14:54:50.932540Z,2025-09-19T14:54:50.391985Z,2025-09-19T14:54:50.945695Z,13.155,14.16075,12.306,44.065,553.71,570.99853125,519.6279999999999,631.752,32
2025-09-19T14:54:56.552907Z,2025-09-19T14:54:55.950290Z,2025-09-19T14:54:56.566020Z,13.113,14.129,12.306,44.065,615.73,572.3540303030302,519.6279999999999,631.752,33
2025-09-19T14:55:02.133651Z,2025-09-19T14:55:01.570288Z,2025-09-19T14:55:02.146154Z,12.503,14.081176470588234,12.306,44.065,575.866,572.4573235294118,519.6279999999999,631.752,34
2025-09-19T14:55:07.702017Z,2025-09-19T14:55:07.150316Z,2025-09-19T14:55:07.714730Z,12.713000000000001,14.042085714285713,12.306,44.065,564.414,572.2275142857143,519.6279999999999,631.752,35
2025-09-19T14:55:13.270075Z,2025-09-19T14:55:12.720464Z,2025-09-19T14:55:13.282724Z,12.649000000000001,14.003388888888889,12.306,44.065,562.26,571.9506388888889,519.6279999999999,631.752,36
2025-09-19T14:55:18.820815Z,2025-09-19T14:55:18.288540Z,2025-09-19T14:55:18.833533Z,12.718,13.968648648648648,12.306,44.065,544.9929999999999,571.2220540540541,519.6279999999999,631.752,37
2025-09-19T14:55:24.407259Z,2025-09-19T14:55:23.838303Z,2025-09-19T14:55:24.419513Z,12.254,13.923526315789474,12.254,44.065,581.21,571.4848947368421,519.6279999999999,631.752,38
2025-09-19T14:55:29.970987Z,2025-09-19T14:55:29.423537Z,2025-09-19T14:55:29.982816Z,11.828999999999999,13.869820512820512,11.828999999999999,44.065,559.279,571.171923076923,519.6279999999999,631.752,39
2025-09-19T14:55:35.565186Z,2025-09-19T14:55:34.986302Z,2025-09-19T14:55:35.578207Z,13.020999999999999,13.848599999999998,11.828999999999999,44.065,591.905,571.69025,519.6279999999999,631.752,40
2025-09-19T14:55:41.158322Z,2025-09-19T14:55:40.582294Z,2025-09-19T14:55:41.171095Z,12.773,13.822365853658534,11.828999999999999,44.065,588.801,572.1075853658537,519.6279999999999,631.752,41
2025-09-19T14:55:46.746083Z,2025-09-19T14:55:46.174293Z,2025-09-19T14:55:46.758829Z,12.746,13.796738095238094,11.828999999999999,44.065,584.536,572.4035,519.6279999999999,631.752,42
2025-09-19T14:55:52.334176Z,2025-09-19T14:55:51.762359Z,2025-09-19T14:55:52.346962Z,12.786000000000001,13.773232558139533,11.828999999999999,44.065,584.603,572.6872093023256,519.6279999999999,631.752,43
2025-09-19T14:55:57.873052Z,2025-09-19T14:55:57.350736Z,2025-09-19T14:55:57.885564Z,12.512,13.74456818181818,11.828999999999999,44.065,534.828,571.8267727272728,519.6279999999999,631.752,44
2025-09-19T14:56:03.451575Z,2025-09-19T14:56:02.889772Z,2025-09-19T14:56:03.463957Z,12.382000000000001,13.714288888888886,11.828999999999999,44.065,574.185,571.8791777777778,519.6279999999999,631.752,45
2025-09-19T14:56:09.033413Z,2025-09-19T14:56:08.466306Z,2025-09-19T14:56:09.045337Z,11.924000000000001,13.67536956521739,11.828999999999999,44.065,579.031,572.0346521739132,519.6279999999999,631.752,46
2025-09-19T14:56:14.618600Z,2025-09-19T14:56:14.050307Z,2025-09-19T14:56:14.630820Z,12.22,13.644404255319149,11.828999999999999,44.065,580.5129999999999,572.2150425531916,519.6279999999999,631.752,47
2025-09-19T14:56:20.223462Z,2025-09-19T14:56:19.634257Z,2025-09-19T14:56:20.236306Z,12.844,13.627729166666665,11.828999999999999,44.065,602.049,572.8365833333335,519.6279999999999,631.752,48
2025-09-19T14:56:25.785585Z,2025-09-19T14:56:25.238292Z,2025-09-19T14:56:25.798113Z,12.527999999999999,13.605285714285712,11.828999999999999,44.065,559.821,572.5709591836735,519.6279999999999,631.752,49
2025-09-19T14:56:31.364956Z,2025-09-19T14:56:30.802270Z,2025-09-19T14:56:31.377462Z,12.506,13.583299999999998,11.828999999999999,44.065,575.192,572.62338,519.6279999999999,631.752,50
2025-09-19T14:56:36.940549Z,2025-09-19T14:56:36.382574Z,2025-09-19T14:56:36.953077Z,12.527999999999999,13.562607843137254,11.828999999999999,44.065,570.5029999999999,572.5818039215686,519.6279999999999,631.752,51
2025-09-19T14:56:42.522756Z,2025-09-19T14:56:41.958295Z,2025-09-19T14:56:42.535108Z,12.352,13.53932692307692,11.828999999999999,44.065,576.813,572.6631730769232,519.6279999999999,631.752,52
2025-09-19T14:56:48.055284Z,2025-09-19T14:56:47.538292Z,2025-09-19T14:56:48.067595Z,12.311,13.516150943396223,11.828999999999999,44.065,529.303,571.8450566037736,519.6279999999999,631.752,53
2025-09-19T14:56:53.617915Z,2025-09-19T14:56:53.070867Z,2025-09-19T14:56:53.630517Z,12.602,13.499222222222219,11.828999999999999,44.065,559.65,571.6192222222223,519.6279999999999,631.752,54
2025-09-19T14:56:59.184674Z,2025-09-19T14:56:58.634600Z,2025-09-19T14:56:59.196963Z,12.289,13.477218181818179,11.828999999999999,44.065,562.3629999999999,571.4509272727274,519.6279999999999,631.752,55
2025-09-19T14:57:04.769410Z,2025-09-19T14:57:04.202335Z,2025-09-19T14:57:04.781981Z,12.571,13.461035714285712,11.828999999999999,44.065,579.646,571.5972678571429,519.6279999999999,631.752,56
2025-09-19T14:57:10.299771Z,2025-09-19T14:57:09.786479Z,2025-09-19T14:57:10.312399Z,12.628,13.446421052631576,11.828999999999999,44.065,525.9200000000001,570.7959122807018,519.6279999999999,631.752,57
2025-09-19T14:57:15.873071Z,2025-09-19T14:57:15.318307Z,2025-09-19T14:57:15.885780Z,12.709,13.433706896551723,11.828999999999999,44.065,567.473,570.7386206896552,519.6279999999999,631.752,58
2025-09-19T14:57:21.446140Z,2025-09-19T14:57:20.888829Z,2025-09-19T14:57:21.458428Z,12.288,13.414288135593218,11.828999999999999,44.065,569.5989999999999,570.7193050847457,519.6279999999999,631.752,59
2025-09-19T14:57:26.979753Z,2025-09-19T14:57:26.462256Z,2025-09-19T14:57:26.992094Z,12.341,13.396399999999998,11.828999999999999,44.065,529.8380000000001,570.0379499999999,519.6279999999999,631.752,60
2025-09-19T14:57:32.511896Z,2025-09-19T14:57:31.997921Z,2025-09-19T14:57:32.524579Z,12.683,13.384704918032785,11.828999999999999,44.065,526.658,569.3268032786884,519.6279999999999,631.752,61
2025-09-19T14:57:38.132580Z,2025-09-19T14:57:37.530300Z,2025-09-19T14:57:38.145394Z,12.814,13.375499999999997,11.828999999999999,44.065,615.094,570.0649838709676,519.6279999999999,631.752,62
2025-09-19T14:57:43.689206Z,2025-09-19T14:57:43.150329Z,2025-09-19T14:57:43.702163Z,12.956999999999999,13.368857142857141,11.828999999999999,44.065,551.8340000000001,569.775603174603,519.6279999999999,631.752,63
2025-09-19T14:57:49.264154Z,2025-09-19T14:57:48.706275Z,2025-09-19T14:57:49.277618Z,13.464,13.370343749999998,11.828999999999999,44.065,571.3430000000001,569.8000937499999,519.6279999999999,631.752,64
2025-09-19T14:57:54.855267Z,2025-09-19T14:57:54.283131Z,2025-09-19T14:57:54.867766Z,12.499,13.356938461538459,11.828999999999999,44.065,584.635,570.0283230769229,519.6279999999999,631.752,65
2025-09-19T14:58:00.416899Z,2025-09-19T14:57:59.870384Z,2025-09-19T14:58:00.429229Z,12.33,13.341378787878785,11.828999999999999,44.065,558.845,569.8588787878786,519.6279999999999,631.752,66
2025-09-19T14:58:06.002075Z,2025-09-19T14:58:05.434293Z,2025-09-19T14:58:06.014466Z,12.391,13.327194029850745,11.828999999999999,44.065,580.173,570.0128208955222,519.6279999999999,631.752,67
2025-09-19T14:58:11.622243Z,2025-09-19T14:58:11.018882Z,2025-09-19T14:58:11.634905Z,12.661999999999999,13.317411764705879,11.828999999999999,44.065,616.023,570.6894411764704,519.6279999999999,631.752,68
2025-09-19T14:58:17.220205Z,2025-09-19T14:58:16.638339Z,2025-09-19T14:58:17.232003Z,11.798,13.295391304347824,11.798,44.065,593.664,571.0224057971012,519.6279999999999,631.752,69
2025-09-19T14:58:22.768109Z,2025-09-19T14:58:22.234313Z,2025-09-19T14:58:22.780298Z,12.189,13.279585714285712,11.798,44.065,545.985,570.6647285714283,519.6279999999999,631.752,70
2025-09-19T14:58:28.316938Z,2025-09-19T14:58:27.782323Z,2025-09-19T14:58:28.328988Z,12.05,13.262267605633799,11.798,44.065,546.665,570.3267042253519,519.6279999999999,631.752,71
2025-09-19T14:58:33.894531Z,2025-09-19T14:58:33.334298Z,2025-09-19T14:58:33.906763Z,12.232,13.24795833333333,11.798,44.065,572.465,570.3564027777776,519.6279999999999,631.752,72
2025-09-19T14:58:39.460259Z,2025-09-19T14:58:38.910334Z,2025-09-19T14:58:39.472636Z,12.377,13.23602739726027,11.798,44.065,562.302,570.2460684931505,519.6279999999999,631.752,73
2025-09-19T14:58:45.026788Z,2025-09-19T14:58:44.478309Z,2025-09-19T14:58:45.039459Z,12.671,13.228391891891889,11.798,44.065,561.1500000000001,570.1231486486485,519.6279999999999,631.752,74
2025-09-19T14:58:50.591238Z,2025-09-19T14:58:50.042817Z,2025-09-19T14:58:50.603292Z,12.054,13.21273333333333,11.798,44.065,560.4749999999999,569.9945066666664,519.6279999999999,631.752,75
2025-09-19T14:58:56.168507Z,2025-09-19T14:58:55.606367Z,2025-09-19T14:58:56.180677Z,12.17,13.199013157894735,11.798,44.065,574.31,570.0512894736839,519.6279999999999,631.752,76
2025-09-19T14:59:01.730838Z,2025-09-19T14:59:01.186292Z,2025-09-19T14:59:01.743346Z,12.508000000000001,13.190038961038958,11.798,44.065,557.0540000000001,569.8824935064932,519.6279999999999,631.752,77
2025-09-19T14:59:07.299012Z,2025-09-19T14:59:06.746281Z,2025-09-19T14:59:07.311346Z,12.334,13.1790641025641,11.798,44.065,565.065,569.8207307692304,519.6279999999999,631.752,78
2025-09-19T14:59:12.879002Z,2025-09-19T14:59:12.314622Z,2025-09-19T14:59:12.891135Z,12.133,13.165822784810123,11.798,44.065,576.513,569.9054430379745,519.6279999999999,631.752,79
2025-09-19T14:59:18.507401Z,2025-09-19T14:59:17.896474Z,2025-09-19T14:59:18.520840Z,13.439,13.169237499999996,11.798,44.065,624.366,570.5861999999997,519.6279999999999,631.752,80
2025-09-19T14:59:24.043447Z,2025-09-19T14:59:23.526297Z,2025-09-19T14:59:24.055214Z,11.767,13.151925925925925,11.767,44.065,528.9169999999999,570.0717654320985,519.6279999999999,631.752,81
2025-09-19T14:59:29.620545Z,2025-09-19T14:59:29.058290Z,2025-09-19T14:59:29.632978Z,12.433,13.143158536585362,11.767,44.065,574.688,570.1280609756095,519.6279999999999,631.752,82
2025-09-19T14:59:35.156251Z,2025-09-19T14:59:34.638294Z,2025-09-19T14:59:35.168815Z,12.564,13.136180722891563,11.767,44.065,530.5210000000001,569.6508674698792,519.6279999999999,631.752,83
2025-09-19T14:59:40.734851Z,2025-09-19T14:59:40.174289Z,2025-09-19T14:59:40.747430Z,12.579,13.129547619047615,11.767,44.065,573.141,569.6924166666664,519.6279999999999,631.752,84
2025-09-19T14:59:46.316323Z,2025-09-19T14:59:45.750290Z,2025-09-19T14:59:46.328263Z,11.94,13.115552941176468,11.767,44.065,577.973,569.7898352941174,519.6279999999999,631.752,85
2025-09-19T14:59:51.871092Z,2025-09-19T14:59:51.330327Z,2025-09-19T14:59:51.883435Z,12.343,13.106569767441856,11.767,44.065,553.1080000000001,569.5958604651161,519.6279999999999,631.752,86
2025-09-19T14:59:57.400341Z,2025-09-19T14:59:56.886292Z,2025-09-19T14:59:57.412786Z,12.445,13.098965517241377,11.767,44.065,526.494,569.1004367816089,519.6279999999999,631.752,87
2025-09-19T15:00:03.001709Z,2025-09-19T15:00:02.418313Z,2025-09-19T15:00:03.013656Z,11.947,13.085874999999996,11.767,44.065,595.343,569.3986477272724,519.6279999999999,631.752,88
2025-09-19T15:00:08.593718Z,2025-09-19T15:00:08.018274Z,2025-09-19T15:00:08.605937Z,12.219000000000001,13.07613483146067,11.767,44.065,587.663,569.6038651685391,519.6279999999999,631.752,89
2025-09-19T15:00:14.155587Z,2025-09-19T15:00:13.610307Z,2025-09-19T15:00:14.167321Z,11.734,13.061222222222217,11.734,44.065,557.014,569.4639777777776,519.6279999999999,631.752,90
2025-09-19T15:00:19.713634Z,2025-09-19T15:00:19.170441Z,2025-09-19T15:00:19.726057Z,12.423,13.054208791208787,11.734,44.065,555.616,569.311802197802,519.6279999999999,631.752,91
2025-09-19T15:00:25.269230Z,2025-09-19T15:00:24.730297Z,2025-09-19T15:00:25.282088Z,12.857999999999999,13.05207608695652,11.734,44.065,551.791,569.1213586956519,519.6279999999999,631.752,92
2025-09-19T15:00:30.876204Z,2025-09-19T15:00:30.286299Z,2025-09-19T15:00:30.888685Z,12.481000000000002,13.045935483870965,11.734,44.065,602.386,569.4790430107525,519.6279999999999,631.752,93
2025-09-19T15:00:36.457871Z,2025-09-19T15:00:35.894336Z,2025-09-19T15:00:36.470122Z,12.251,13.037478723404252,11.734,44.065,575.7860000000001,569.5461382978722,519.6279999999999,631.752,94
2025-09-19T15:00:41.987658Z,2025-09-19T15:00:41.474367Z,2025-09-19T15:00:42.000433Z,12.775,13.034715789473681,11.734,44.065,526.066,569.0884526315788,519.6279999999999,631.752,95
2025-09-19T15:00:47.549083Z,2025-09-19T15:00:47.004447Z,2025-09-19T15:00:47.561682Z,12.599,13.03017708333333,11.734,44.065,557.235,568.9649791666666,519.6279999999999,631.752,96
2025-09-19T15:00:53.121404Z,2025-09-19T15:00:52.567509Z,2025-09-19T15:00:53.133783Z,12.379,13.02346391752577,11.734,44.065,566.274,568.9372371134019,519.6279999999999,631.752,97
2025-09-19T15:00:58.701056Z,2025-09-19T15:00:58.138295Z,2025-09-19T15:00:58.712972Z,11.916,13.01216326530612,11.734,44.065,574.677,568.9958061224488,519.6279999999999,631.752,98
2025-09-19T15:01:04.293839Z,2025-09-19T15:01:03.718962Z,2025-09-19T15:01:04.306191Z,12.352,13.005494949494945,11.734,44.065,587.229,569.1799797979796,519.6279999999999,631.752,99
2025-09-19T15:01:09.877562Z,2025-09-19T15:01:09.310292Z,2025-09-19T15:01:09.890172Z,12.61,13.001539999999995,11.734,44.065,579.88,569.2869799999999,519.6279999999999,631.752,100
2025-09-19T15:01:15.450836Z,2025-09-19T15:01:14.894269Z,2025-09-19T15:01:15.463360Z,12.524000000000001,12.996811881188114,11.734,44.065,569.091,569.2850396039603,519.6279999999999,631.752,101
2025-09-19T15:01:20.991272Z,2025-09-19T15:01:20.466433Z,2025-09-19T15:01:21.003892Z,12.62,12.99311764705882,11.734,44.065,537.4590000000001,568.9730196078431,519.6279999999999,631.752,102
2025-09-19T15:01:26.576573Z,2025-09-19T15:01:26.008853Z,2025-09-19T15:01:26.588913Z,12.34,12.986776699029123,11.734,44.065,580.0600000000001,569.0806601941747,519.6279999999999,631.752,103
2025-09-19T15:01:32.161527Z,2025-09-19T15:01:31.592434Z,2025-09-19T15:01:32.173993Z,12.466,12.98176923076923,11.734,44.065,581.5590000000001,569.2006442307691,519.6279999999999,631.752,104
2025-09-19T15:01:37.731498Z,2025-09-19T15:01:37.178295Z,2025-09-19T15:01:37.743785Z,12.286999999999999,12.975152380952377,11.734,44.065,565.49,569.1653047619046,519.6279999999999,631.752,105
2025-09-19T15:01:43.296026Z,2025-09-19T15:01:42.749220Z,2025-09-19T15:01:43.308897Z,12.871,12.974169811320753,11.734,44.065,559.677,569.07579245283,519.6279999999999,631.752,106
2025-09-19T15:01:48.897320Z,2025-09-19T15:01:48.314596Z,2025-09-19T15:01:48.909985Z,12.665,12.971280373831773,11.734,44.065,595.3889999999999,569.3217102803737,519.6279999999999,631.752,107
2025-09-19T15:01:54.499508Z,2025-09-19T15:01:53.914296Z,2025-09-19T15:01:54.511900Z,12.392,12.965916666666663,11.734,44.065,597.604,569.5835833333332,519.6279999999999,631.752,108
2025-09-19T15:02:00.064935Z,2025-09-19T15:01:59.515485Z,2025-09-19T15:02:00.077998Z,13.063,12.966807339449538,11.734,44.065,562.513,569.5187155963301,519.6279999999999,631.752,109
2025-09-19T15:02:05.667407Z,2025-09-19T15:02:05.083036Z,2025-09-19T15:02:05.679334Z,11.927,12.957354545454544,11.734,44.065,596.298,569.7621636363634,519.6279999999999,631.752,110
2025-09-19T15:02:11.253998Z,2025-09-19T15:02:10.683164Z,2025-09-19T15:02:11.266323Z,12.325,12.951657657657654,11.734,44.065,583.159,569.8828558558557,519.6279999999999,631.752,111
2025-09-19T15:02:16.827903Z,2025-09-19T15:02:16.270302Z,2025-09-19T15:02:16.839940Z,12.037,12.94349107142857,11.734,44.065,569.638,569.880669642857,519.6279999999999,631.752,112
2025-09-19T15:02:22.417152Z,2025-09-19T15:02:21.845587Z,2025-09-19T15:02:22.429103Z,11.951,12.934707964601769,11.734,44.065,583.5160000000001,570.0013362831858,519.6279999999999,631.752,113
2025-09-19T15:02:27.958193Z,2025-09-19T15:02:27.434302Z,2025-09-19T15:02:27.970742Z,12.549,12.931324561403507,11.734,44.065,536.44,569.7069385964911,519.6279999999999,631.752,114
2025-09-19T15:02:33.528744Z,2025-09-19T15:02:32.974273Z,2025-09-19T15:02:33.541103Z,12.359,12.926347826086953,11.734,44.065,566.8299999999999,569.6819217391302,519.6279999999999,631.752,115
2025-09-19T15:02:39.106724Z,2025-09-19T15:02:38.546645Z,2025-09-19T15:02:39.118606Z,11.882,12.917344827586204,11.734,44.065,571.961,569.701568965517,519.6279999999999,631.752,116
2025-09-19T15:02:44.688396Z,2025-09-19T15:02:44.122290Z,2025-09-19T15:02:44.700158Z,11.762,12.907470085470083,11.734,44.065,577.868,569.7713675213673,519.6279999999999,631.752,117
2025-09-19T15:02:50.247570Z,2025-09-19T15:02:49.703433Z,2025-09-19T15:02:50.259255Z,11.684999999999999,12.897110169491523,11.684999999999999,44.065,555.822,569.6531525423727,519.6279999999999,631.752,118
2025-09-19T15:02:55.813554Z,2025-09-19T15:02:55.262292Z,2025-09-19T15:02:55.825202Z,11.648,12.88661344537815,11.648,44.065,562.91,569.5964873949579,519.6279999999999,631.752,119
2025-09-19T15:03:01.373628Z,2025-09-19T15:03:00.830317Z,2025-09-19T15:03:01.385936Z,12.308,12.881791666666665,11.648,44.065,555.619,569.4800083333331,519.6279999999999,631.752,120
2025-09-19T15:03:06.950365Z,2025-09-19T15:03:06.390339Z,2025-09-19T15:03:06.962533Z,12.168,12.875892561983468,11.648,44.065,572.194,569.5024380165287,519.6279999999999,631.752,121
2025-09-19T15:03:12.529589Z,2025-09-19T15:03:11.968450Z,2025-09-19T15:03:12.542078Z,12.489,12.872721311475406,11.648,44.065,573.628,569.5362540983604,519.6279999999999,631.752,122
2025-09-19T15:03:18.104502Z,2025-09-19T15:03:17.546295Z,2025-09-19T15:03:18.116779Z,12.277,12.867878048780486,11.648,44.065,570.484,569.5439593495933,519.6279999999999,631.752,123
2025-09-19T15:03:23.694232Z,2025-09-19T15:03:23.120409Z,2025-09-19T15:03:23.706644Z,12.411999999999999,12.864201612903225,11.648,44.065,586.2349999999999,569.6785645161287,519.6279999999999,631.752,124
2025-09-19T15:03:29.263459Z,2025-09-19T15:03:28.712520Z,2025-09-19T15:03:29.275592Z,12.133,12.858351999999998,11.648,44.065,563.072,569.6257119999998,519.6279999999999,631.752,125
2025-09-19T15:03:34.846363Z,2025-09-19T15:03:34.278315Z,2025-09-19T15:03:34.858271Z,11.908,12.850809523809524,11.648,44.065,579.956,569.7076984126982,519.6279999999999,631.752,126
2025-09-19T15:03:40.500506Z,2025-09-19T15:03:39.863532Z,2025-09-19T15:03:40.512574Z,12.068000000000001,12.844645669291337,11.648,44.065,649.042,570.3323779527556,519.6279999999999,649.042,127
2025-09-19T15:03:46.065298Z,2025-09-19T15:03:45.518250Z,2025-09-19T15:03:46.077715Z,12.417,12.841304687499997,11.648,44.065,559.465,570.2474765624997,519.6279999999999,649.042,128
2025-09-19T15:03:51.657738Z,2025-09-19T15:03:51.083064Z,2025-09-19T15:03:51.669660Z,11.922,12.834178294573642,11.648,44.065,586.596,570.3742093023253,519.6279999999999,649.042,129
2025-09-19T15:03:57.244126Z,2025-09-19T15:03:56.674296Z,2025-09-19T15:03:57.256217Z,12.091,12.828461538461537,11.648,44.065,581.921,570.4630307692304,519.6279999999999,649.042,130
2025-09-19T15:04:02.772044Z,2025-09-19T15:04:02.258304Z,2025-09-19T15:04:02.784536Z,12.491999999999999,12.825893129770991,11.648,44.065,526.2320000000001,570.1253893129767,519.6279999999999,649.042,131
2025-09-19T15:04:08.305716Z,2025-09-19T15:04:07.790302Z,2025-09-19T15:04:08.318163Z,12.447,12.823022727272726,11.648,44.065,527.861,569.8052045454542,519.6279999999999,649.042,132
2025-09-19T15:04:13.881796Z,2025-09-19T15:04:13.322305Z,2025-09-19T15:04:13.894124Z,12.328000000000001,12.819300751879696,11.648,44.065,571.819,569.8203458646614,519.6279999999999,649.042,133
2025-09-19T15:04:19.468286Z,2025-09-19T15:04:18.899073Z,2025-09-19T15:04:19.480860Z,12.574,12.81747014925373,11.648,44.065,581.787,569.9096492537311,519.6279999999999,649.042,134
2025-09-19T15:04:25.045889Z,2025-09-19T15:04:24.486307Z,2025-09-19T15:04:25.057766Z,11.877,12.810503703703702,11.648,44.065,571.4590000000001,569.9211259259257,519.6279999999999,649.042,135
2025-09-19T15:04:30.638163Z,2025-09-19T15:04:30.062292Z,2025-09-19T15:04:30.652920Z,14.757,12.824816176470586,11.648,44.065,590.628,570.0733823529409,519.6279999999999,649.042,136
2025-09-19T15:04:36.221427Z,2025-09-19T15:04:35.658249Z,2025-09-19T15:04:36.233576Z,12.149000000000001,12.81988321167883,11.648,44.065,575.327,570.1117299270071,519.6279999999999,649.042,137
2025-09-19T15:04:41.809718Z,2025-09-19T15:04:41.238300Z,2025-09-19T15:04:41.821724Z,12.005999999999998,12.813985507246374,11.648,44.065,583.4240000000001,570.2081956521736,519.6279999999999,649.042,138
2025-09-19T15:04:47.417254Z,2025-09-19T15:04:46.826309Z,2025-09-19T15:04:47.429925Z,12.671,12.81295683453237,11.648,44.065,603.616,570.448539568345,519.6279999999999,649.042,139
2025-09-19T15:04:52.999516Z,2025-09-19T15:04:52.434285Z,2025-09-19T15:04:53.011579Z,12.063,12.807599999999997,11.648,44.065,577.294,570.4974357142854,519.6279999999999,649.042,140
2025-09-19T15:04:58.563994Z,2025-09-19T15:04:58.014304Z,2025-09-19T15:04:58.576310Z,12.316,12.804113475177301,11.648,44.065,562.006,570.4372127659572,519.6279999999999,649.042,141
2025-09-19T15:05:04.126006Z,2025-09-19T15:05:03.582220Z,2025-09-19T15:05:04.138429Z,12.423,12.801429577464786,11.648,44.065,556.209,570.3370140845067,519.6279999999999,649.042,142
2025-09-19T15:05:09.694605Z,2025-09-19T15:05:09.144385Z,2025-09-19T15:05:09.706697Z,12.092,12.796468531468529,11.648,44.065,562.312,570.2808951048947,519.6279999999999,649.042,143
2025-09-19T15:05:15.256857Z,2025-09-19T15:05:14.710664Z,2025-09-19T15:05:15.268831Z,11.974,12.790756944444441,11.648,44.065,558.1669999999999,570.196770833333,519.6279999999999,649.042,144
2025-09-19T15:05:20.835704Z,2025-09-19T15:05:20.274363Z,2025-09-19T15:05:20.847583Z,11.879000000000001,12.784468965517238,11.648,44.065,573.2199999999999,570.2176206896548,519.6279999999999,649.042,145
2025-09-19T15:05:26.408581Z,2025-09-19T15:05:25.850370Z,2025-09-19T15:05:26.420528Z,11.947,12.778732876712326,11.648,44.065,570.158,570.2172123287669,519.6279999999999,649.042,146
2025-09-19T15:05:31.955597Z,2025-09-19T15:05:31.422370Z,2025-09-19T15:05:31.968140Z,12.543000000000001,12.777129251700677,11.648,44.065,545.77,570.0509047619046,519.6279999999999,649.042,147
2025-09-19T15:05:37.553852Z,2025-09-19T15:05:36.971537Z,2025-09-19T15:05:37.565888Z,12.036,12.772121621621618,11.648,44.065,594.351,570.2150945945945,519.6279999999999,649.042,148
2025-09-19T15:05:43.086851Z,2025-09-19T15:05:42.570339Z,2025-09-19T15:05:43.098780Z,11.929,12.766463087248319,11.648,44.065,528.441,569.9347315436239,519.6279999999999,649.042,149
2025-09-19T15:05:48.667096Z,2025-09-19T15:05:48.102288Z,2025-09-19T15:05:48.679180Z,12.084,12.761913333333329,11.648,44.065,576.8919999999999,569.9811133333332,519.6279999999999,649.042,150
2025-09-19T15:05:54.260265Z,2025-09-19T15:05:53.682758Z,2025-09-19T15:05:54.272455Z,12.19,12.758125827814565,11.648,44.065,589.697,570.1116821192052,519.6279999999999,649.042,151
2025-09-19T15:05:59.834848Z,2025-09-19T15:05:59.278285Z,2025-09-19T15:05:59.846630Z,11.782,12.751703947368416,11.648,44.065,568.345,570.1000592105261,519.6279999999999,649.042,152
2025-09-19T15:06:05.390702Z,2025-09-19T15:06:04.850313Z,2025-09-19T15:06:05.402809Z,12.107,12.747490196078427,11.648,44.065,552.496,569.9849999999999,519.6279999999999,649.042,153
2025-09-19T15:06:10.964984Z,2025-09-19T15:06:10.408676Z,2025-09-19T15:06:10.977403Z,12.418999999999999,12.745357142857138,11.648,44.065,568.727,569.976831168831,519.6279999999999,649.042,154
2025-09-19T15:06:16.529722Z,2025-09-19T15:06:15.983127Z,2025-09-19T15:06:16.541916Z,12.194,12.741799999999996,11.648,44.065,558.789,569.9046516129031,519.6279999999999,649.042,155
2025-09-19T15:06:22.084324Z,2025-09-19T15:06:21.546291Z,2025-09-19T15:06:22.096485Z,12.161,12.73807692307692,11.648,44.065,550.194,569.7783012820512,519.6279999999999,649.042,156
2025-09-19T15:06:27.645207Z,2025-09-19T15:06:27.102296Z,2025-09-19T15:06:27.657761Z,12.553999999999998,12.736904458598723,11.648,44.065,555.465,569.6871337579616,519.6279999999999,649.042,157
2025-09-19T15:06:33.253997Z,2025-09-19T15:06:32.662273Z,2025-09-19T15:06:33.265730Z,11.733,12.730550632911388,11.648,44.065,603.457,569.9008670886076,519.6279999999999,649.042,158
2025-09-19T15:06:38.831904Z,2025-09-19T15:06:38.270292Z,2025-09-19T15:06:38.843704Z,11.799999999999999,12.724698113207543,11.648,44.065,573.412,569.9229496855345,519.6279999999999,649.042,159
2025-09-19T15:06:44.412106Z,2025-09-19T15:06:43.846292Z,2025-09-19T15:06:44.424100Z,11.994,12.720131249999998,11.648,44.065,577.808,569.9722312499999,519.6279999999999,649.042,160
2025-09-19T15:06:49.986753Z,2025-09-19T15:06:49.426303Z,2025-09-19T15:06:49.999197Z,12.444,12.71841614906832,11.648,44.065,572.894,569.9903788819876,519.6279999999999,649.042,161
2025-09-19T15:06:55.590934Z,2025-09-19T15:06:55.002297Z,2025-09-19T15:06:55.602684Z,11.75,12.712438271604936,11.648,44.065,600.3870000000001,570.178012345679,519.6279999999999,649.042,162
2025-09-19T15:07:01.188702Z,2025-09-19T15:07:00.606273Z,2025-09-19T15:07:01.200452Z,11.75,12.706533742331287,11.648,44.065,594.179,570.3252576687116,519.6279999999999,649.042,163
2025-09-19T15:07:06.777637Z,2025-09-19T15:07:06.206111Z,2025-09-19T15:07:06.789435Z,11.798,12.700993902439023,11.648,44.065,583.324,570.404518292683,519.6279999999999,649.042,164
2025-09-19T15:07:12.349501Z,2025-09-19T15:07:11.794305Z,2025-09-19T15:07:12.361734Z,12.233,12.698157575757577,11.648,44.065,567.429,570.3864848484849,519.6279999999999,649.042,165
2025-09-19T15:07:17.925042Z,2025-09-19T15:07:17.366307Z,2025-09-19T15:07:17.937233Z,12.191,12.695102409638556,11.648,44.065,570.926,570.3897349397591,519.6279999999999,649.042,166
2025-09-19T15:07:23.501661Z,2025-09-19T15:07:22.940963Z,2025-09-19T15:07:23.513742Z,12.081,12.6914251497006,11.648,44.065,572.779,570.4040419161677,519.6279999999999,649.042,167
2025-09-19T15:07:29.054331Z,2025-09-19T15:07:28.518305Z,2025-09-19T15:07:29.066619Z,12.288,12.689023809523809,11.648,44.065,548.314,570.2725535714286,519.6279999999999,649.042,168
2025-09-19T15:07:34.627445Z,2025-09-19T15:07:34.070292Z,2025-09-19T15:07:34.639398Z,11.953,12.684668639053255,11.648,44.065,569.106,570.265650887574,519.6279999999999,649.042,169
2025-09-19T15:07:40.214284Z,2025-09-19T15:07:39.645348Z,2025-09-19T15:07:40.226301Z,12.017,12.680741176470589,11.648,44.065,580.9530000000001,570.3285176470588,519.6279999999999,649.042,170
2025-09-19T15:07:45.792973Z,2025-09-19T15:07:45.230307Z,2025-09-19T15:07:45.805333Z,12.36,12.678865497076023,11.648,44.065,575.0260000000001,570.3559883040936,519.6279999999999,649.042,171
2025-09-19T15:07:51.387984Z,2025-09-19T15:07:50.810306Z,2025-09-19T15:07:51.400201Z,12.217,12.676180232558142,11.648,44.065,589.895,570.4695872093023,519.6279999999999,649.042,172
2025-09-19T15:07:56.915398Z,2025-09-19T15:07:56.403863Z,2025-09-19T15:07:56.927281Z,11.883,12.671595375722546,11.648,44.065,523.418,570.197612716763,519.6279999999999,649.042,173
2025-09-19T15:08:02.560985Z,2025-09-19T15:08:01.930326Z,2025-09-19T15:08:02.573201Z,12.216,12.668977011494254,11.648,44.065,642.875,570.6152988505747,519.6279999999999,649.042,174
2025-09-19T15:08:08.103888Z,2025-09-19T15:08:07.578294Z,2025-09-19T15:08:08.115691Z,11.802999999999999,12.664028571428574,11.648,44.065,537.397,570.42548,519.6279999999999,649.042,175
2025-09-19T15:08:13.662847Z,2025-09-19T15:08:13.118280Z,2025-09-19T15:08:13.675054Z,12.207,12.661431818181821,11.648,44.065,556.774,570.3479147727273,519.6279999999999,649.042,176
2025-09-19T15:08:19.234137Z,2025-09-19T15:08:18.679341Z,2025-09-19T15:08:19.246050Z,11.913,12.65720338983051,11.648,44.065,566.7090000000001,570.3273559322034,519.6279999999999,649.042,177
2025-09-19T15:08:24.838653Z,2025-09-19T15:08:24.250292Z,2025-09-19T15:08:24.850453Z,11.799999999999999,12.65238764044944,11.648,44.065,600.161,570.4949606741574,519.6279999999999,649.042,178
2025-09-19T15:08:30.430555Z,2025-09-19T15:08:29.854308Z,2025-09-19T15:08:30.442354Z,11.799000000000001,12.647620111731845,11.648,44.065,588.0459999999999,570.5930111731845,519.6279999999999,649.042,179
2025-09-19T15:08:35.999450Z,2025-09-19T15:08:35.446356Z,2025-09-19T15:08:36.011648Z,12.198,12.645122222222225,11.648,44.065,565.292,570.5635611111112,519.6279999999999,649.042,180
2025-09-19T15:08:41.577243Z,2025-09-19T15:08:41.015387Z,2025-09-19T15:08:41.589183Z,11.94,12.64122651933702,11.648,44.065,573.7959999999999,570.5814198895029,519.6279999999999,649.042,181
2025-09-19T15:08:47.168100Z,2025-09-19T15:08:46.593289Z,2025-09-19T15:08:47.180143Z,12.043,12.637939560439563,11.648,44.065,586.854,570.6708296703298,519.6279999999999,649.042,182
2025-09-19T15:08:52.735665Z,2025-09-19T15:08:52.182291Z,2025-09-19T15:08:52.747464Z,11.799000000000001,12.633355191256832,11.648,44.065,565.173,570.640786885246,519.6279999999999,649.042,183
2025-09-19T15:08:58.283025Z,2025-09-19T15:08:57.750333Z,2025-09-19T15:08:58.295478Z,12.453000000000001,12.632375,11.648,44.065,545.145,570.5022228260871,519.6279999999999,649.042,184
2025-09-19T15:09:03.885587Z,2025-09-19T15:09:03.299144Z,2025-09-19T15:09:03.898586Z,12.999,12.634356756756757,11.648,44.065,599.442,570.6586540540542,519.6279999999999,649.042,185
2025-09-19T15:09:09.456096Z,2025-09-19T15:09:08.902296Z,2025-09-19T15:09:09.468307Z,12.211,12.632080645161293,11.648,44.065,566.0110000000001,570.6336666666668,519.6279999999999,649.042,186
2025-09-19T15:09:15.066972Z,2025-09-19T15:09:14.473225Z,2025-09-19T15:09:15.079242Z,12.27,12.63014438502674,11.648,44.065,606.017,570.8228823529413,519.6279999999999,649.042,187
2025-09-19T15:09:20.619541Z,2025-09-19T15:09:20.083635Z,2025-09-19T15:09:20.631375Z,11.834000000000001,12.625909574468087,11.648,44.065,547.74,570.70010106383,519.6279999999999,649.042,188
2025-09-19T15:09:26.143286Z,2025-09-19T15:09:25.634249Z,2025-09-19T15:09:26.155111Z,11.825000000000001,12.621671957671959,11.648,44.065,520.8620000000001,570.4364074074075,519.6279999999999,649.042,189
2025-09-19T15:09:31.780958Z,2025-09-19T15:09:31.158288Z,2025-09-19T15:09:31.792875Z,11.917,12.617963157894739,11.648,44.065,634.587,570.7740421052633,519.6279999999999,649.042,190
2025-09-19T15:09:37.353725Z,2025-09-19T15:09:36.798290Z,2025-09-19T15:09:37.365613Z,11.888,12.614141361256545,11.648,44.065,567.323,570.7559738219896,519.6279999999999,649.042,191
2025-09-19T15:09:42.953110Z,2025-09-19T15:09:42.370315Z,2025-09-19T15:09:42.965188Z,12.078,12.611348958333332,11.648,44.065,594.8729999999999,570.8815833333335,519.6279999999999,649.042,192
2025-09-19T15:09:48.486209Z,2025-09-19T15:09:47.970294Z,2025-09-19T15:09:48.498228Z,12.019,12.608279792746114,11.648,44.065,527.934,570.6590569948188,519.6279999999999,649.042,193
2025-09-19T15:09:54.067718Z,2025-09-19T15:09:53.502284Z,2025-09-19T15:09:54.079615Z,11.897,12.604613402061855,11.648,44.065,577.331,570.6934484536083,519.6279999999999,649.042,194
2025-09-19T15:09:59.603617Z,2025-09-19T15:09:59.082773Z,2025-09-19T15:09:59.615637Z,12.02,12.601615384615386,11.648,44.065,532.864,570.4994512820515,519.6279999999999,649.042,195
2025-09-19T15:10:05.208941Z,2025-09-19T15:10:04.618303Z,2025-09-19T15:10:05.221161Z,12.22,12.59966836734694,11.648,44.065,602.8580000000001,570.6645459183675,519.6279999999999,649.042,196
2025-09-19T15:10:10.789049Z,2025-09-19T15:10:10.226874Z,2025-09-19T15:10:10.800920Z,11.871,12.59596954314721,11.648,44.065,574.0459999999999,570.6817106598986,519.6279999999999,649.042,197
2025-09-19T15:10:16.360875Z,2025-09-19T15:10:15.806316Z,2025-09-19T15:10:16.372852Z,11.977,12.592843434343436,11.648,44.065,566.5360000000001,570.6607727272728,519.6279999999999,649.042,198
2025-09-19T15:10:21.913966Z,2025-09-19T15:10:21.378328Z,2025-09-19T15:10:21.925978Z,12.012,12.589924623115579,11.648,44.065,547.65,570.5451407035177,519.6279999999999,649.042,199
2025-09-19T15:10:27.492730Z,2025-09-19T15:10:26.930287Z,2025-09-19T15:10:27.504683Z,11.953,12.58674,11.648,44.065,574.3960000000001,570.5643950000001,519.6279999999999,649.042,200
2025-09-19T15:10:33.080454Z,2025-09-19T15:10:32.507473Z,2025-09-19T15:10:33.094527Z,14.073,12.594134328358209,11.648,44.065,587.054,570.646432835821,519.6279999999999,649.042,201
2025-09-19T15:10:38.626497Z,2025-09-19T15:10:38.099045Z,2025-09-19T15:10:38.637968Z,11.471,12.58857425742574,11.471,44.065,538.923,570.4893861386139,519.6279999999999,649.042,202
2025-09-19T15:10:44.201997Z,2025-09-19T15:10:43.642295Z,2025-09-19T15:10:44.213961Z,11.964,12.58549753694581,11.471,44.065,571.666,570.4951822660099,519.6279999999999,649.042,203
2025-09-19T15:10:49.779823Z,2025-09-19T15:10:49.218300Z,2025-09-19T15:10:49.791288Z,11.465,12.58000490196078,11.465,44.065,572.988,570.5074019607844,519.6279999999999,649.042,204
2025-09-19T15:10:55.315677Z,2025-09-19T15:10:54.796883Z,2025-09-19T15:10:55.327406Z,11.729,12.575853658536582,11.465,44.065,530.5229999999999,570.3123560975611,519.6279999999999,649.042,205
2025-09-19T15:11:00.950425Z,2025-09-19T15:11:00.330638Z,2025-09-19T15:11:00.962135Z,11.709999999999999,12.571650485436889,11.465,44.065,631.497,570.6093689320388,519.6279999999999,649.042,206
2025-09-19T15:11:06.518863Z,2025-09-19T15:11:05.966289Z,2025-09-19T15:11:06.530577Z,11.714,12.567507246376808,11.465,44.065,564.288,570.5788309178744,519.6279999999999,649.042,207
2025-09-19T15:11:12.049858Z,2025-09-19T15:11:11.536130Z,2025-09-19T15:11:12.061884Z,12.026,12.564903846153841,11.465,44.065,525.754,570.363326923077,519.6279999999999,649.042,208
2025-09-19T15:11:17.629184Z,2025-09-19T15:11:17.067545Z,2025-09-19T15:11:17.641488Z,12.304,12.563655502392342,11.465,44.065,573.943,570.3804545454547,519.6279999999999,649.042,209
2025-09-19T15:11:23.203704Z,2025-09-19T15:11:22.646863Z,2025-09-19T15:11:23.215882Z,12.177999999999999,12.561819047619045,11.465,44.065,569.019,570.3739714285715,519.6279999999999,649.042,210
2025-09-19T15:11:28.743170Z,2025-09-19T15:11:28.219604Z,2025-09-19T15:11:28.754909Z,11.738999999999999,12.557919431279617,11.465,44.065,535.3050000000001,570.2077677725118,519.6279999999999,649.042,211
2025-09-19T15:11:34.278657Z,2025-09-19T15:11:33.759100Z,2025-09-19T15:11:34.290115Z,11.458,12.552731132075468,11.458,44.065,531.015,570.0228962264151,519.6279999999999,649.042,212
2025-09-19T15:11:39.861433Z,2025-09-19T15:11:39.294361Z,2025-09-19T15:11:39.873354Z,11.921,12.54976525821596,11.458,44.065,578.9929999999999,570.0650093896713,519.6279999999999,649.042,213
2025-09-19T15:11:45.484134Z,2025-09-19T15:11:44.876502Z,2025-09-19T15:11:45.495974Z,11.84,12.546448598130839,11.458,44.065,619.472,570.2958831775701,519.6279999999999,649.042,214
2025-09-19T15:11:51.065548Z,2025-09-19T15:11:50.499916Z,2025-09-19T15:11:51.078314Z,12.766,12.547469767441857,11.458,44.065,578.3979999999999,570.3335674418604,519.6279999999999,649.042,215
2025-09-19T15:11:56.650693Z,2025-09-19T15:11:56.082294Z,2025-09-19T15:11:56.662660Z,11.967,12.544782407407403,11.458,44.065,580.3660000000001,570.3800138888888,519.6279999999999,649.042,216
2025-09-19T15:12:02.265411Z,2025-09-19T15:12:01.666310Z,2025-09-19T15:12:02.277236Z,11.825000000000001,12.541465437788014,11.458,44.065,610.9259999999999,570.566861751152,519.6279999999999,649.042,217
2025-09-19T15:12:07.832560Z,2025-09-19T15:12:07.282268Z,2025-09-19T15:12:07.844456Z,11.896,12.538504587155959,11.458,44.065,562.188,570.5284266055046,519.6279999999999,649.042,218
2025-09-19T15:12:13.392756Z,2025-09-19T15:12:12.850298Z,2025-09-19T15:12:13.404789Z,12.033,12.536196347031959,11.458,44.065,554.491,570.455196347032,519.6279999999999,649.042,219
2025-09-19T15:12:18.970364Z,2025-09-19T15:12:18.410605Z,2025-09-19T15:12:18.982755Z,12.391,12.53553636363636,11.458,44.065,572.1500000000001,570.4629,519.6279999999999,649.042,220
2025-09-19T15:12:24.603536Z,2025-09-19T15:12:23.986298Z,2025-09-19T15:12:24.615421Z,11.885,12.532592760180993,11.458,44.065,629.1229999999999,570.7283303167421,519.6279999999999,649.042,221
2025-09-19T15:12:30.183675Z,2025-09-19T15:12:29.619102Z,2025-09-19T15:12:30.195487Z,11.812,12.529346846846844,11.458,44.065,576.385,570.7538108108108,519.6279999999999,649.042,222
2025-09-19T15:12:35.766298Z,2025-09-19T15:12:35.198280Z,2025-09-19T15:12:35.778478Z,12.18,12.527780269058292,11.458,44.065,580.198,570.7961614349775,519.6279999999999,649.042,223
2025-09-19T15:12:41.339130Z,2025-09-19T15:12:40.784377Z,2025-09-19T15:12:41.351301Z,12.171,12.526187499999995,11.458,44.065,566.924,570.778875,519.6279999999999,649.042,224
2025-09-19T15:12:46.926299Z,2025-09-19T15:12:46.357226Z,2025-09-19T15:12:46.938326Z,12.027,12.523968888888884,11.458,44.065,581.0999999999999,570.8247466666666,519.6279999999999,649.042,225
2025-09-19T15:12:52.463869Z,2025-09-19T15:12:51.941096Z,2025-09-19T15:12:52.475709Z,11.84,12.5209424778761,11.458,44.065,534.613,570.6645176991151,519.6279999999999,649.042,226
2025-09-19T15:12:58.038482Z,2025-09-19T15:12:57.480924Z,2025-09-19T15:12:58.050165Z,11.683,12.517251101321582,11.458,44.065,569.241,570.6582466960352,519.6279999999999,649.042,227
2025-09-19T15:13:03.624003Z,2025-09-19T15:13:03.055464Z,2025-09-19T15:13:03.636227Z,12.224,12.515964912280696,11.458,44.065,580.763,570.7025657894736,519.6279999999999,649.042,228
2025-09-19T15:13:09.200576Z,2025-09-19T15:13:08.640363Z,2025-09-19T15:13:09.212572Z,11.996,12.5136943231441,11.458,44.065,572.209,570.7091441048035,519.6279999999999,649.042,229
2025-09-19T15:13:14.769547Z,2025-09-19T15:13:14.218317Z,2025-09-19T15:13:14.781655Z,12.108,12.511930434782602,11.458,44.065,563.338,570.6770956521738,519.6279999999999,649.042,230
2025-09-19T15:13:20.314828Z,2025-09-19T15:13:19.786299Z,2025-09-19T15:13:20.326310Z,11.482,12.507471861471855,11.458,44.065,540.011,570.5443419913419,519.6279999999999,649.042,231
2025-09-19T15:13:25.853497Z,2025-09-19T15:13:25.331208Z,2025-09-19T15:13:25.865564Z,12.067,12.505573275862064,11.458,44.065,534.3560000000001,570.3883577586205,519.6279999999999,649.042,232
2025-09-19T15:13:31.425398Z,2025-09-19T15:13:30.870301Z,2025-09-19T15:13:31.437196Z,11.798,12.50253648068669,11.458,44.065,566.895,570.3733648068668,519.6279999999999,649.042,233
2025-09-19T15:13:36.979382Z,2025-09-19T15:13:36.442275Z,2025-09-19T15:13:36.990657Z,11.275,12.497290598290592,11.275,44.065,548.3820000000001,570.2793846153844,519.6279999999999,649.042,234
2025-09-19T15:13:42.520547Z,2025-09-19T15:13:41.994302Z,2025-09-19T15:13:42.532429Z,11.882,12.494672340425526,11.275,44.065,538.1270000000001,570.1425659574467,519.6279999999999,649.042,235
2025-09-19T15:13:48.097600Z,2025-09-19T15:13:47.538249Z,2025-09-19T15:13:48.109141Z,11.540999999999999,12.490631355932198,11.275,44.065,570.8919999999999,570.1457415254235,519.6279999999999,649.042,236
2025-09-19T15:13:53.660168Z,2025-09-19T15:13:53.114318Z,2025-09-19T15:13:53.671933Z,11.764999999999999,12.487569620253158,11.275,44.065,557.615,570.0928691983121,519.6279999999999,649.042,237
2025-09-19T15:13:59.200353Z,2025-09-19T15:13:58.674654Z,2025-09-19T15:13:59.212441Z,12.088,12.485890756302515,11.275,44.065,537.787,569.9571302521006,519.6279999999999,649.042,238
2025-09-19T15:14:04.773062Z,2025-09-19T15:14:04.218322Z,2025-09-19T15:14:04.785021Z,11.959,12.483686192468612,11.275,44.065,566.699,569.9434979079497,519.6279999999999,649.042,239
2025-09-19T15:14:10.343326Z,2025-09-19T15:14:09.790327Z,2025-09-19T15:14:10.354905Z,11.579,12.479916666666659,11.275,44.065,564.578,569.9211416666665,519.6279999999999,649.042,240
2025-09-19T15:14:15.923330Z,2025-09-19T15:14:15.358323Z,2025-09-19T15:14:15.935122Z,11.792,12.477062240663892,11.275,44.065,576.799,569.9496804979252,519.6279999999999,649.042,241
2025-09-19T15:14:21.529686Z,2025-09-19T15:14:20.938996Z,2025-09-19T15:14:21.541271Z,11.584999999999999,12.473376033057844,11.275,44.065,602.275,570.0832561983469,519.6279999999999,649.042,242
2025-09-19T15:14:27.110541Z,2025-09-19T15:14:26.545329Z,2025-09-19T15:14:27.122559Z,12.017999999999999,12.471502057613161,11.275,44.065,577.23,570.1126666666664,519.6279999999999,649.042,243
2025-09-19T15:14:32.688736Z,2025-09-19T15:14:32.126287Z,2025-09-19T15:14:32.701126Z,12.39,12.471168032786878,11.275,44.065,574.8389999999999,570.1320368852456,519.6279999999999,649.042,244
2025-09-19T15:14:38.279027Z,2025-09-19T15:14:37.706314Z,2025-09-19T15:14:38.290804Z,11.777,12.46833469387754,11.275,44.065,584.49,570.1906408163262,519.6279999999999,649.042,245
2025-09-19T15:14:43.853561Z,2025-09-19T15:14:43.295250Z,2025-09-19T15:14:43.865038Z,11.476999999999999,12.464304878048774,11.275,44.065,569.788,570.1890040650402,519.6279999999999,649.042,246
2025-09-19T15:14:49.420308Z,2025-09-19T15:14:48.870292Z,2025-09-19T15:14:49.432242Z,11.934000000000001,12.462157894736835,11.275,44.065,561.9499999999999,570.1556477732789,519.6279999999999,649.042,247
2025-09-19T15:14:54.942691Z,2025-09-19T15:14:54.434379Z,2025-09-19T15:14:54.954023Z,11.332,12.457600806451604,11.275,44.065,519.644,569.9519717741931,519.6279999999999,649.042,248
2025-09-19T15:15:00.521783Z,2025-09-19T15:14:59.958285Z,2025-09-19T15:15:00.533439Z,11.655999999999999,12.45438152610441,11.275,44.065,575.1540000000001,569.9728634538149,519.6279999999999,649.042,249
2025-09-19T15:15:06.091488Z,2025-09-19T15:15:05.538299Z,2025-09-19T15:15:06.103742Z,12.254,12.453579999999992,11.275,44.065,565.443,569.9547439999996,519.6279999999999,649.042,250
2025-09-19T15:15:11.670560Z,2025-09-19T15:15:11.108920Z,2025-09-19T15:15:11.682763Z,12.203000000000001,12.452581673306765,11.275,44.065,573.843,569.9702350597605,519.6279999999999,649.042,251
2025-09-19T15:15:17.258467Z,2025-09-19T15:15:16.686292Z,2025-09-19T15:15:17.270740Z,12.273,12.45186904761904,11.275,44.065,584.448,570.0276865079361,519.6279999999999,649.042,252
2025-09-19T15:15:22.864518Z,2025-09-19T15:15:22.274317Z,2025-09-19T15:15:22.876749Z,12.231,12.45099604743082,11.275,44.065,602.432,570.1557667984187,519.6279999999999,649.042,253
2025-09-19T15:15:28.446900Z,2025-09-19T15:15:27.882287Z,2025-09-19T15:15:28.458873Z,11.972999999999999,12.449114173228336,11.275,44.065,576.586,570.1810826771649,519.6279999999999,649.042,254
2025-09-19T15:15:34.063700Z,2025-09-19T15:15:33.464816Z,2025-09-19T15:15:34.076836Z,13.136,12.451807843137244,11.275,44.065,612.02,570.3451568627447,519.6279999999999,649.042,255
2025-09-19T15:15:39.643635Z,2025-09-19T15:15:39.082320Z,2025-09-19T15:15:39.656760Z,13.125,12.45443749999999,11.275,44.065,574.4399999999999,570.3611523437496,519.6279999999999,649.042,256
2025-09-19T15:15:45.217344Z,2025-09-19T15:15:44.662295Z,2025-09-19T15:15:45.229584Z,12.239999999999998,12.453603112840456,11.275,44.065,567.289,570.3491984435793,519.6279999999999,649.042,257
2025-09-19T15:15:50.806795Z,2025-09-19T15:15:50.234290Z,2025-09-19T15:15:50.819036Z,12.241,12.45277906976743,11.275,44.065,584.746,570.4049999999996,519.6279999999999,649.042,258
2025-09-19T15:15:56.343618Z,2025-09-19T15:15:55.822326Z,2025-09-19T15:15:56.355697Z,12.078999999999999,12.451335907335897,11.275,44.065,533.3710000000001,570.2620115830111,519.6279999999999,649.042,259
2025-09-19T15:16:01.920000Z,2025-09-19T15:16:01.358332Z,2025-09-19T15:16:01.931653Z,11.653,12.448265384615372,11.275,44.065,573.3209999999999,570.2737769230764,519.6279999999999,649.042,260
2025-09-19T15:16:07.467232Z,2025-09-19T15:16:06.935467Z,2025-09-19T15:16:07.478831Z,11.599,12.445011494252862,11.275,44.065,543.3639999999999,570.1706743295014,519.6279999999999,649.042,261
2025-09-19T15:16:13.035601Z,2025-09-19T15:16:12.482297Z,2025-09-19T15:16:13.047430Z,11.828999999999999,12.4426603053435,11.275,44.065,565.133,570.1514465648851,519.6279999999999,649.042,262
2025-09-19T15:16:18.603931Z,2025-09-19T15:16:18.052399Z,2025-09-19T15:16:18.615261Z,11.33,12.438429657794664,11.275,44.065,562.862,570.1237300380224,519.6279999999999,649.042,263
2025-09-19T15:16:24.178743Z,2025-09-19T15:16:23.621151Z,2025-09-19T15:16:24.190170Z,11.427,12.434598484848474,11.275,44.065,569.019,570.1195454545449,519.6279999999999,649.042,264
2025-09-19T15:16:29.748517Z,2025-09-19T15:16:29.194293Z,2025-09-19T15:16:29.760273Z,11.756,12.432037735849045,11.275,44.065,565.98,570.1039245283014,519.6279999999999,649.042,265
2025-09-19T15:16:35.332180Z,2025-09-19T15:16:34.762924Z,2025-09-19T15:16:35.343754Z,11.574,12.428812030075175,11.275,44.065,580.8299999999999,570.1442481203002,519.6279999999999,649.042,266
2025-09-19T15:16:40.951605Z,2025-09-19T15:16:40.346335Z,2025-09-19T15:16:40.963387Z,11.782,12.426389513108603,11.275,44.065,617.052,570.319932584269,519.6279999999999,649.042,267
2025-09-19T15:16:46.522774Z,2025-09-19T15:16:45.966397Z,2025-09-19T15:16:46.534377Z,11.603,12.423317164179094,11.275,44.065,567.98,570.3112014925367,519.6279999999999,649.042,268
2025-09-19T15:16:52.096630Z,2025-09-19T15:16:51.539985Z,2025-09-19T15:16:52.108391Z,11.761000000000001,12.42085501858735,11.275,44.065,568.406,570.3041189591073,519.6279999999999,649.042,269
2025-09-19T15:16:57.652023Z,2025-09-19T15:16:57.114285Z,2025-09-19T15:16:57.664027Z,12.004000000000001,12.4193111111111,11.275,44.065,549.742,570.2279629629625,519.6279999999999,649.042,270
2025-09-19T15:17:03.248788Z,2025-09-19T15:17:02.669583Z,2025-09-19T15:17:03.260909Z,12.121,12.41821033210331,11.275,44.065,591.326,570.3058154981545,519.6279999999999,649.042,271
2025-09-19T15:17:08.824878Z,2025-09-19T15:17:08.266283Z,2025-09-19T15:17:08.836716Z,11.838,12.416077205882344,11.275,44.065,570.433,570.306283088235,519.6279999999999,649.042,272
2025-09-19T15:17:14.395475Z,2025-09-19T15:17:13.842292Z,2025-09-19T15:17:14.407500Z,12.024999999999999,12.414644688644678,11.275,44.065,565.2080000000001,570.2876080586077,519.6279999999999,649.042,273
2025-09-19T15:17:19.955052Z,2025-09-19T15:17:19.412644Z,2025-09-19T15:17:19.966800Z,11.748,12.412211678832106,11.275,44.065,554.156,570.2287335766421,519.6279999999999,649.042,274
2025-09-19T15:17:25.532920Z,2025-09-19T15:17:24.970307Z,2025-09-19T15:17:25.544810Z,11.889999999999999,12.410312727272718,11.275,44.065,574.5029999999999,570.244276363636,519.6279999999999,649.042,275
2025-09-19T15:17:31.060288Z,2025-09-19T15:17:30.550289Z,2025-09-19T15:17:31.072062Z,11.774,12.408007246376801,11.275,44.065,521.773,570.0686557971011,519.6279999999999,649.042,276
2025-09-19T15:17:36.626514Z,2025-09-19T15:17:36.074296Z,2025-09-19T15:17:36.638464Z,11.950000000000001,12.406353790613709,11.275,44.065,564.168,570.0473537906133,519.6279999999999,649.042,277
2025-09-19T15:17:42.219757Z,2025-09-19T15:17:41.642296Z,2025-09-19T15:17:42.231123Z,11.366,12.402611510791358,11.275,44.065,588.827,570.1149064748198,519.6279999999999,649.042,278
2025-09-19T15:17:47.766394Z,2025-09-19T15:17:47.234293Z,2025-09-19T15:17:47.778796Z,12.402,12.402609318996406,11.275,44.065,544.5029999999999,570.0231075268813,519.6279999999999,649.042,279
2025-09-19T15:17:53.304012Z,2025-09-19T15:17:52.782319Z,2025-09-19T15:17:53.316704Z,12.692,12.403642857142847,11.275,44.065,534.385,569.8958285714282,519.6279999999999,649.042,280
2025-09-19T15:17:58.838386Z,2025-09-19T15:17:58.322305Z,2025-09-19T15:17:58.850980Z,12.594,12.4043202846975,11.275,44.065,528.675,569.7491352313164,519.6279999999999,649.042,281
2025-09-19T15:18:04.398382Z,2025-09-19T15:18:03.856525Z,2025-09-19T15:18:04.410457Z,12.075000000000001,12.403152482269494,11.275,44.065,553.932,569.6930460992904,519.6279999999999,649.042,282
2025-09-19T15:18:09.979968Z,2025-09-19T15:18:09.414288Z,2025-09-19T15:18:09.992163Z,12.194999999999999,12.402416961130733,11.275,44.065,577.875,569.7219575971727,519.6279999999999,649.042,283
2025-09-19T15:18:15.510674Z,2025-09-19T15:18:14.996060Z,2025-09-19T15:18:15.522202Z,11.528,12.399338028169005,11.275,44.065,526.142,569.568507042253,519.6279999999999,649.042,284
2025-09-19T15:18:21.068944Z,2025-09-19T15:18:20.526299Z,2025-09-19T15:18:21.080804Z,11.860000000000001,12.39744561403508,11.275,44.065,554.505,569.5156526315785,519.6279999999999,649.042,285
2025-09-19T15:18:26.648877Z,2025-09-19T15:18:26.086300Z,2025-09-19T15:18:26.661144Z,12.267,12.396989510489503,11.275,44.065,574.844,569.5342832167829,519.6279999999999,649.042,286
2025-09-19T15:18:32.223142Z,2025-09-19T15:18:31.666298Z,2025-09-19T15:18:32.235020Z,11.878,12.39518118466898,11.275,44.065,568.722,569.5314529616721,519.6279999999999,649.042,287
2025-09-19T15:18:37.799964Z,2025-09-19T15:18:37.238291Z,2025-09-19T15:18:37.812364Z,12.4,12.395197916666657,11.275,44.065,574.0730000000001,569.5472222222219,519.6279999999999,649.042,288
2025-09-19T15:18:43.390064Z,2025-09-19T15:18:42.815924Z,2025-09-19T15:18:43.401932Z,11.868,12.393373702422137,11.275,44.065,586.0079999999999,569.6041799307955,519.6279999999999,649.042,289
2025-09-19T15:18:48.947547Z,2025-09-19T15:18:48.406318Z,2025-09-19T15:18:48.959358Z,11.811,12.39136551724137,11.275,44.065,553.04,569.5470620689653,519.6279999999999,649.042,290
2025-09-19T15:18:54.522886Z,2025-09-19T15:18:53.962308Z,2025-09-19T15:18:54.534688Z,11.802,12.389340206185556,11.275,44.065,572.38,569.5567972508588,519.6279999999999,649.042,291
2025-09-19T15:19:00.128495Z,2025-09-19T15:18:59.538376Z,2025-09-19T15:19:00.139730Z,11.235,12.38538698630136,11.235,44.065,601.354,569.6656917808216,519.6279999999999,649.042,292
2025-09-19T15:19:05.727820Z,2025-09-19T15:19:05.142291Z,2025-09-19T15:19:05.739676Z,11.856,12.383580204778147,11.235,44.065,597.3850000000001,569.7602969283273,519.6279999999999,649.042,293
2025-09-19T15:19:11.299183Z,2025-09-19T15:19:10.742307Z,2025-09-19T15:19:11.310749Z,11.566,12.380799319727883,11.235,44.065,568.442,569.7558129251697,519.6279999999999,649.042,294
2025-09-19T15:19:16.925154Z,2025-09-19T15:19:16.314294Z,2025-09-19T15:19:16.936698Z,11.544,12.377962711864399,11.235,44.065,622.404,569.9342813559318,519.6279999999999,649.042,295
2025-09-19T15:19:22.508184Z,2025-09-19T15:19:21.942295Z,2025-09-19T15:19:22.519818Z,11.634,12.375449324324316,11.235,44.065,577.523,569.9599189189187,519.6279999999999,649.042,296
2025-09-19T15:19:28.090558Z,2025-09-19T15:19:27.523567Z,2025-09-19T15:19:28.102730Z,12.172,12.3747643097643,11.235,44.065,579.163,569.9909057239054,519.6279999999999,649.042,297
2025-09-19T15:19:33.663326Z,2025-09-19T15:19:33.106314Z,2025-09-19T15:19:33.675097Z,11.771,12.37273825503355,11.235,44.065,568.783,569.9868523489929,519.6279999999999,649.042,298
2025-09-19T15:19:39.256985Z,2025-09-19T15:19:38.678295Z,2025-09-19T15:19:39.269162Z,12.177,12.372083612040125,11.235,44.065,590.8670000000001,570.0566856187288,519.6279999999999,649.042,299
2025-09-19T15:19:44.791371Z,2025-09-19T15:19:44.274322Z,2025-09-19T15:19:44.803264Z,11.893,12.37048666666666,11.235,44.065,528.942,569.9196366666663,519.6279999999999,649.042,300
2025-09-19T15:19:50.366822Z,2025-09-19T15:19:49.806158Z,2025-09-19T15:19:50.378726Z,11.904,12.368936877076404,11.235,44.065,572.568,569.9284352159465,519.6279999999999,649.042,301
2025-09-19T15:19:55.938230Z,2025-09-19T15:19:55.383424Z,2025-09-19T15:19:55.950123Z,11.893,12.36736092715231,11.235,44.065,566.699,569.917741721854,519.6279999999999,649.042,302
2025-09-19T15:20:01.499227Z,2025-09-19T15:20:00.954301Z,2025-09-19T15:20:01.510674Z,11.447000000000001,12.364323432343227,11.235,44.065,556.373,569.87303960396,519.6279999999999,649.042,303
2025-09-19T15:20:07.071615Z,2025-09-19T15:20:06.514426Z,2025-09-19T15:20:07.083641Z,12.026,12.363210526315783,11.235,44.065,569.215,569.8708749999997,519.6279999999999,649.042,304
2025-09-19T15:20:12.637369Z,2025-09-19T15:20:12.086291Z,2025-09-19T15:20:12.649460Z,12.091,12.362318032786877,11.235,44.065,563.169,569.848901639344,519.6279999999999,649.042,305
2025-09-19T15:20:18.207582Z,2025-09-19T15:20:17.654298Z,2025-09-19T15:20:18.219161Z,11.579,12.359758169934633,11.235,44.065,564.863,569.8326078431369,519.6279999999999,649.042,306
2025-09-19T15:20:23.844944Z,2025-09-19T15:20:23.224044Z,2025-09-19T15:20:23.856819Z,11.875,12.358179153094454,11.235,44.065,632.775,570.0376319218238,519.6279999999999,649.042,307
2025-09-19T15:20:29.432033Z,2025-09-19T15:20:28.862313Z,2025-09-19T15:20:29.443314Z,11.280999999999999,12.354681818181808,11.235,44.065,581.001,570.073227272727,519.6279999999999,649.042,308
2025-09-19T15:20:34.980281Z,2025-09-19T15:20:34.447002Z,2025-09-19T15:20:34.991984Z,11.703,12.352572815533971,11.235,44.065,544.982,569.9920258899673,519.6279999999999,649.042,309
2025-09-19T15:20:40.523924Z,2025-09-19T15:20:39.994252Z,2025-09-19T15:20:40.535570Z,11.646,12.350293548387086,11.235,44.065,541.318,569.8995290322578,519.6279999999999,649.042,310
2025-09-19T15:20:46.151385Z,2025-09-19T15:20:45.541217Z,2025-09-19T15:20:46.162639Z,11.254,12.34676848874597,11.235,44.065,621.422,570.0651961414787,519.6279999999999,649.042,311
2025-09-19T15:20:51.726453Z,2025-09-19T15:20:51.166313Z,2025-09-19T15:20:51.738747Z,12.293999999999999,12.346599358974348,11.235,44.065,572.434,570.072788461538,519.6279999999999,649.042,312
2025-09-19T15:20:57.353185Z,2025-09-19T15:20:56.742293Z,2025-09-19T15:20:57.364925Z,11.74,12.344661341853024,11.235,44.065,622.632,570.2407092651754,519.6279999999999,649.042,313
2025-09-19T15:21:02.992744Z,2025-09-19T15:21:02.366606Z,2025-09-19T15:21:03.004509Z,11.764999999999999,12.342815286624193,11.235,44.065,637.903,570.4561942675156,519.6279999999999,649.042,314
2025-09-19T15:21:08.552067Z,2025-09-19T15:21:08.006641Z,2025-09-19T15:21:08.563401Z,11.334,12.339612698412688,11.235,44.065,556.76,570.412714285714,519.6279999999999,649.042,315
2025-09-19T15:21:14.128850Z,2025-09-19T15:21:13.566297Z,2025-09-19T15:21:14.140589Z,11.738999999999999,12.337712025316446,11.235,44.065,574.292,570.4249905063288,519.6279999999999,649.042,316
2025-09-19T15:21:19.686524Z,2025-09-19T15:21:19.146296Z,2025-09-19T15:21:19.698034Z,11.51,12.335100946372231,11.235,44.065,551.7379999999999,570.3660410094634,519.6279999999999,649.042,317
2025-09-19T15:21:25.212492Z,2025-09-19T15:21:24.703756Z,2025-09-19T15:21:25.224614Z,12.122000000000002,12.334430817610054,11.235,44.065,520.8580000000001,570.2103553459116,519.6279999999999,649.042,318
2025-09-19T15:21:30.819093Z,2025-09-19T15:21:30.230296Z,2025-09-19T15:21:30.830729Z,11.636000000000001,12.332241379310336,11.235,44.065,600.433,570.305097178683,519.6279999999999,649.042,319
2025-09-19T15:21:36.405189Z,2025-09-19T15:21:35.834293Z,2025-09-19T15:21:36.417413Z,12.224,12.331903124999991,11.235,44.065,583.12,570.3451437499998,519.6279999999999,649.042,320
2025-09-19T15:21:42.008338Z,2025-09-19T15:21:41.422279Z,2025-09-19T15:21:42.020714Z,12.376,12.332040498442359,11.235,44.065,598.4350000000001,570.4326510903423,519.6279999999999,649.042,321
2025-09-19T15:21:47.591597Z,2025-09-19T15:21:47.026294Z,2025-09-19T15:21:47.602822Z,11.225000000000001,12.328602484472041,11.225000000000001,44.065,576.528,570.4515807453413,519.6279999999999,649.042,322
2025-09-19T15:21:53.175421Z,2025-09-19T15:21:52.606288Z,2025-09-19T15:21:53.187151Z,11.73,12.326749226006184,11.225000000000001,44.065,580.863,570.4838142414858,519.6279999999999,649.042,323
2025-09-19T15:21:58.751864Z,2025-09-19T15:21:58.190307Z,2025-09-19T15:21:58.763577Z,11.713,12.324854938271596,11.225000000000001,44.065,573.27,570.4924135802466,519.6279999999999,649.042,324
2025-09-19T15:22:04.352723Z,2025-09-19T15:22:03.768847Z,2025-09-19T15:22:04.364704Z,11.981,12.323796923076912,11.225000000000001,44.065,595.857,570.5704584615382,519.6279999999999,649.042,325
2025-09-19T15:22:09.934569Z,2025-09-19T15:22:09.370298Z,2025-09-19T15:22:09.946184Z,11.615,12.321622699386493,11.225000000000001,44.065,575.886,570.5867638036807,519.6279999999999,649.042,326
2025-09-19T15:22:15.516822Z,2025-09-19T15:22:14.950312Z,2025-09-19T15:22:15.528854Z,12.032,12.320737003058094,11.225000000000001,44.065,578.542,570.611091743119,519.6279999999999,649.042,327
2025-09-19T15:22:21.089585Z,2025-09-19T15:22:20.534292Z,2025-09-19T15:22:21.100530Z,10.945,12.316542682926821,10.945,44.065,566.238,570.5977591463411,519.6279999999999,649.042,328
2025-09-19T15:22:26.663924Z,2025-09-19T15:22:26.102294Z,2025-09-19T15:22:26.675704Z,11.780000000000001,12.314911854103334,10.945,44.065,573.41,570.6063069908811,519.6279999999999,649.042,329
2025-09-19T15:22:32.194315Z,2025-09-19T15:22:31.678296Z,2025-09-19T15:22:32.205360Z,11.045,12.311063636363627,10.945,44.065,527.064,570.4743606060603,519.6279999999999,649.042,330
2025-09-19T15:22:37.773722Z,2025-09-19T15:22:37.210284Z,2025-09-19T15:22:37.785771Z,12.049000000000001,12.310271903323255,10.945,44.065,575.487,570.4895045317218,519.6279999999999,649.042,331
2025-09-19T15:22:43.327490Z,2025-09-19T15:22:42.790308Z,2025-09-19T15:22:43.339231Z,11.741,12.308557228915653,10.945,44.065,548.923,570.4245451807226,519.6279999999999,649.042,332
2025-09-19T15:22:48.906722Z,2025-09-19T15:22:48.345150Z,2025-09-19T15:22:48.918458Z,11.736,12.30683783783783,10.945,44.065,573.308,570.4332042042039,519.6279999999999,649.042,333
2025-09-19T15:22:54.460420Z,2025-09-19T15:22:53.922294Z,2025-09-19T15:22:54.472626Z,12.206,12.306535928143703,10.945,44.065,550.332,570.3730209580835,519.6279999999999,649.042,334
2025-09-19T15:23:00.009693Z,2025-09-19T15:22:59.478293Z,2025-09-19T15:23:00.021781Z,12.088,12.305883582089544,10.945,44.065,543.4879999999999,570.2927671641787,519.6279999999999,649.042,335
2025-09-19T15:23:05.590915Z,2025-09-19T15:23:05.026291Z,2025-09-19T15:23:05.602347Z,11.431999999999999,12.30328273809523,10.945,44.065,576.056,570.3099196428568,519.6279999999999,649.042,336
2025-09-19T15:23:11.154177Z,2025-09-19T15:23:10.606329Z,2025-09-19T15:23:11.165964Z,11.787,12.301750741839754,10.945,44.065,559.635,570.2782433234418,519.6279999999999,649.042,337
2025-09-19T15:23:16.725249Z,2025-09-19T15:23:16.170297Z,2025-09-19T15:23:16.736734Z,11.485000000000001,12.29933431952662,10.945,44.065,566.437,570.2668786982244,519.6279999999999,649.042,338
2025-09-19T15:23:22.303099Z,2025-09-19T15:23:21.742375Z,2025-09-19T15:23:22.314754Z,11.655000000000001,12.297433628318577,10.945,44.065,572.379,570.2731091445424,519.6279999999999,649.042,339
2025-09-19T15:23:27.869023Z,2025-09-19T15:23:27.318364Z,2025-09-19T15:23:27.880517Z,11.494000000000002,12.295070588235289,10.945,44.065,562.153,570.2492264705879,519.6279999999999,649.042,340
2025-09-19T15:23:33.446588Z,2025-09-19T15:23:32.886290Z,2025-09-19T15:23:33.458203Z,11.615,12.293076246334305,10.945,44.065,571.913,570.2541055718472,519.6279999999999,649.042,341
2025-09-19T15:23:39.044303Z,2025-09-19T15:23:38.462321Z,2025-09-19T15:23:39.056185Z,11.882,12.291874269005842,10.945,44.065,593.8639999999999,570.3231403508769,519.6279999999999,649.042,342
2025-09-19T15:23:44.624770Z,2025-09-19T15:23:44.058554Z,2025-09-19T15:23:44.636590Z,11.82,12.290498542274047,10.945,44.065,578.036,570.3456268221571,519.6279999999999,649.042,343
2025-09-19T15:23:50.207810Z,2025-09-19T15:23:49.642323Z,2025-09-19T15:23:50.219676Z,11.866,12.289264534883717,10.945,44.065,577.353,570.3659970930228,519.6279999999999,649.042,344
2025-09-19T15:23:55.816272Z,2025-09-19T15:23:55.223742Z,2025-09-19T15:23:55.828174Z,11.902,12.288142028985503,10.945,44.065,604.432,570.4647391304344,519.6279999999999,649.042,345
2025-09-19T15:24:01.392382Z,2025-09-19T15:24:00.831090Z,2025-09-19T15:24:01.403781Z,11.399,12.285572254335255,10.945,44.065,572.6909999999999,570.4711734104042,519.6279999999999,649.042,346
2025-09-19T15:24:06.907603Z,2025-09-19T15:24:06.408230Z,2025-09-19T15:24:06.919321Z,11.718,12.283936599423628,10.945,44.065,511.09099999999995,570.300048991354,511.09099999999995,649.042,347
2025-09-19T15:24:12.500907Z,2025-09-19T15:24:11.922308Z,2025-09-19T15:24:12.512966Z,12.059000000000001,12.283290229885052,10.945,44.065,590.658,570.3585488505743,511.09099999999995,649.042,348
2025-09-19T15:24:18.035761Z,2025-09-19T15:24:17.518305Z,2025-09-19T15:24:18.047389Z,11.628,12.281412607449852,10.945,44.065,529.084,570.2402836676214,511.09099999999995,649.042,349
2025-09-19T15:24:23.635959Z,2025-09-19T15:24:23.050297Z,2025-09-19T15:24:23.647521Z,11.562,12.279357142857137,10.945,44.065,597.2239999999999,570.3173799999996,511.09099999999995,649.042,350
2025-09-19T15:24:29.203988Z,2025-09-19T15:24:28.649041Z,2025-09-19T15:24:29.215478Z,11.49,12.277108262108257,10.945,44.065,566.437,570.3063247863244,511.09099999999995,649.042,351
2025-09-19T15:24:34.776825Z,2025-09-19T15:24:34.221162Z,2025-09-19T15:24:34.788495Z,11.67,12.275383522727267,10.945,44.065,567.333,570.2978778409087,511.09099999999995,649.042,352
2025-09-19T15:24:40.357512Z,2025-09-19T15:24:39.794293Z,2025-09-19T15:24:40.368788Z,11.276,12.272552407932004,10.945,44.065,574.495,570.3097677053821,511.09099999999995,649.042,353
2025-09-19T15:24:45.944238Z,2025-09-19T15:24:45.374251Z,2025-09-19T15:24:45.956377Z,12.139000000000001,12.272175141242933,10.945,44.065,582.126,570.343146892655,511.09099999999995,649.042,354
2025-09-19T15:24:51.481540Z,2025-09-19T15:24:50.958295Z,2025-09-19T15:24:51.493682Z,12.142,12.271808450704219,10.945,44.065,535.387,570.2446788732391,511.09099999999995,649.042,355
2025-09-19T15:24:57.058041Z,2025-09-19T15:24:56.498821Z,2025-09-19T15:24:57.070072Z,12.031,12.271132022471905,10.945,44.065,571.251,570.2475056179771,511.09099999999995,649.042,356
2025-09-19T15:25:02.657662Z,2025-09-19T15:25:02.075166Z,2025-09-19T15:25:02.669103Z,11.440999999999999,12.26880672268907,10.945,44.065,593.937,570.3138627450977,511.09099999999995,649.042,357
2025-09-19T15:25:08.217043Z,2025-09-19T15:25:07.674314Z,2025-09-19T15:25:08.228572Z,11.529,12.266740223463682,10.945,44.065,554.258,570.26901396648,511.09099999999995,649.042,358
2025-09-19T15:25:13.801929Z,2025-09-19T15:25:13.234297Z,2025-09-19T15:25:13.813396Z,11.467,12.264512534818934,10.945,44.065,579.099,570.2936100278548,511.09099999999995,649.042,359
2025-09-19T15:25:19.369926Z,2025-09-19T15:25:18.818317Z,2025-09-19T15:25:19.381794Z,11.868,12.263411111111104,10.945,44.065,563.477,570.2746749999997,511.09099999999995,649.042,360
2025-09-19T15:25:24.998902Z,2025-09-19T15:25:24.386855Z,2025-09-19T15:25:25.010151Z,11.249,12.260601108033235,10.945,44.065,623.2959999999999,570.421548476454,511.09099999999995,649.042,361
2025-09-19T15:25:30.536256Z,2025-09-19T15:25:30.014314Z,2025-09-19T15:25:30.547815Z,11.559,12.25866298342541,10.945,44.065,533.501,570.3195580110494,511.09099999999995,649.042,362
2025-09-19T15:25:36.102729Z,2025-09-19T15:25:35.553555Z,2025-09-19T15:25:36.114810Z,12.081,12.258173553719002,10.945,44.065,561.255,570.2945867768592,511.09099999999995,649.042,363
2025-09-19T15:25:41.636158Z,2025-09-19T15:25:41.118284Z,2025-09-19T15:25:41.647356Z,11.198,12.255260989010985,10.945,44.065,529.072,570.1813379120875,511.09099999999995,649.042,364
2025-09-19T15:25:47.169112Z,2025-09-19T15:25:46.651655Z,2025-09-19T15:25:47.180903Z,11.790999999999999,12.253989041095885,10.945,44.065,529.248,570.0691917808216,511.09099999999995,649.042,365
2025-09-19T15:25:52.749689Z,2025-09-19T15:25:52.186752Z,2025-09-19T15:25:52.761368Z,11.679,12.25241803278688,10.945,44.065,574.616,570.081614754098,511.09099999999995,649.042,366
2025-09-19T15:25:58.315637Z,2025-09-19T15:25:57.767115Z,2025-09-19T15:25:58.326819Z,11.181999999999999,12.249501362397814,10.945,44.065,559.704,570.0533378746591,511.09099999999995,649.042,367
2025-09-19T15:26:03.885663Z,2025-09-19T15:26:03.330297Z,2025-09-19T15:26:03.896898Z,11.235,12.246744565217385,10.945,44.065,566.601,570.0439565217388,511.09099999999995,649.042,368
2025-09-19T15:26:09.453244Z,2025-09-19T15:26:08.902336Z,2025-09-19T15:26:09.464801Z,11.557,12.244875338753381,10.945,44.065,562.465,570.0234173441731,511.09099999999995,649.042,369
2025-09-19T15:26:15.023419Z,2025-09-19T15:26:14.470412Z,2025-09-19T15:26:15.034740Z,11.321,12.24237837837837,10.945,44.065,564.3280000000001,570.008024324324,511.09099999999995,649.042,370
2025-09-19T15:26:20.649990Z,2025-09-19T15:26:20.038296Z,2025-09-19T15:26:20.661691Z,11.700999999999999,12.240919137466301,10.945,44.065,623.395,570.1519245283015,511.09099999999995,649.042,371
2025-09-19T15:26:26.230526Z,2025-09-19T15:26:25.667462Z,2025-09-19T15:26:26.242009Z,11.483,12.2388817204301,10.945,44.065,574.547,570.1637392473115,511.09099999999995,649.042,372
2025-09-19T15:26:31.798077Z,2025-09-19T15:26:31.246150Z,2025-09-19T15:26:31.810092Z,12.014999999999999,12.238281501340476,10.945,44.065,563.942,570.1470589812328,511.09099999999995,649.042,373
2025-09-19T15:26:37.373184Z,2025-09-19T15:26:36.814281Z,2025-09-19T15:26:37.385066Z,11.882,12.237328877005343,10.945,44.065,570.785,570.148764705882,511.09099999999995,649.042,374
2025-09-19T15:26:42.958881Z,2025-09-19T15:26:42.390329Z,2025-09-19T15:26:42.970296Z,11.415,12.235135999999995,10.945,44.065,579.967,570.1749466666663,511.09099999999995,649.042,375
2025-09-19T15:26:48.535871Z,2025-09-19T15:26:47.974287Z,2025-09-19T15:26:48.547236Z,11.365,12.232821808510632,10.945,44.065,572.9490000000001,570.1823244680847,511.09099999999995,649.042,376
2025-09-19T15:26:54.117368Z,2025-09-19T15:26:53.551880Z,2025-09-19T15:26:54.129232Z,11.863999999999999,12.231843501326255,10.945,44.065,577.352,570.2013421750659,511.09099999999995,649.042,377
2025-09-19T15:26:59.726272Z,2025-09-19T15:26:59.134251Z,2025-09-19T15:26:59.738135Z,11.863,12.23086772486772,10.945,44.065,603.884,570.2904497354493,511.09099999999995,649.042,378
2025-09-19T15:27:05.312918Z,2025-09-19T15:27:04.742333Z,2025-09-19T15:27:05.324334Z,11.416,12.228717678100256,10.945,44.065,582.001,570.32134828496,511.09099999999995,649.042,379
2025-09-19T15:27:10.894294Z,2025-09-19T15:27:10.326296Z,2025-09-19T15:27:10.905847Z,11.553,12.226939473684205,10.945,44.065,579.551,570.3456368421048,511.09099999999995,649.042,380
2025-09-19T15:27:16.469655Z,2025-09-19T15:27:15.911685Z,2025-09-19T15:27:16.480999Z,11.344,12.224622047244088,10.945,44.065,569.314,570.3429291338579,511.09099999999995,649.042,381
2025-09-19T15:27:22.056441Z,2025-09-19T15:27:21.486309Z,2025-09-19T15:27:22.068471Z,12.030000000000001,12.22411256544502,10.945,44.065,582.1619999999999,570.3738691099472,511.09099999999995,649.042,382
2025-09-19T15:27:27.601555Z,2025-09-19T15:27:27.074320Z,2025-09-19T15:27:27.613866Z,12.311,12.224339425587464,10.945,44.065,539.5459999999999,570.2933785900779,511.09099999999995,649.042,383
2025-09-19T15:27:33.169686Z,2025-09-19T15:27:32.618295Z,2025-09-19T15:27:33.182431Z,12.745,12.225695312499994,10.945,44.065,564.136,570.2773437499997,511.09099999999995,649.042,384
2025-09-19T15:27:38.758215Z,2025-09-19T15:27:38.186296Z,2025-09-19T15:27:38.770297Z,12.082,12.225322077922074,10.945,44.065,584.001,570.3129896103892,511.09099999999995,649.042,385
2025-09-19T15:27:44.327714Z,2025-09-19T15:27:43.774302Z,2025-09-19T15:27:44.339863Z,12.149000000000001,12.225124352331601,10.945,44.065,565.561,570.3006787564763,511.09099999999995,649.042,386
2025-09-19T15:27:49.895382Z,2025-09-19T15:27:49.345337Z,2025-09-19T15:27:49.907288Z,11.906,12.224299741602062,10.945,44.065,561.951,570.2791033591726,511.09099999999995,649.042,387
2025-09-19T15:27:55.456610Z,2025-09-19T15:27:54.910322Z,2025-09-19T15:27:55.468538Z,11.927999999999999,12.223536082474222,10.945,44.065,558.216,570.2480128865974,511.09099999999995,649.042,388
2025-09-19T15:28:00.991274Z,2025-09-19T15:28:00.470293Z,2025-09-19T15:28:01.002690Z,11.416,12.22146015424164,10.945,44.065,532.397,570.1507095115677,511.09099999999995,649.042,389
2025-09-19T15:28:06.547220Z,2025-09-19T15:28:06.008006Z,2025-09-19T15:28:06.558696Z,11.476,12.219548717948713,10.945,44.065,550.69,570.1008102564098,511.09099999999995,649.042,390
2025-09-19T15:28:12.116160Z,2025-09-19T15:28:11.562293Z,2025-09-19T15:28:12.128078Z,11.918,12.218777493606131,10.945,44.065,565.785,570.0897723785162,511.09099999999995,649.042,391
2025-09-19T15:28:17.713990Z,2025-09-19T15:28:17.133538Z,2025-09-19T15:28:17.725267Z,11.277000000000001,12.216374999999992,10.945,44.065,591.7289999999999,570.1449744897955,511.09099999999995,649.042,392
2025-09-19T15:28:23.302062Z,2025-09-19T15:28:22.730314Z,2025-09-19T15:28:23.313512Z,11.45,12.214424936386761,10.945,44.065,583.198,570.178188295165,511.09099999999995,649.042,393
2025-09-19T15:28:28.867713Z,2025-09-19T15:28:28.318323Z,2025-09-19T15:28:28.879296Z,11.583,12.212822335025374,10.945,44.065,560.9730000000001,570.154824873096,511.09099999999995,649.042,394
2025-09-19T15:28:34.446564Z,2025-09-19T15:28:33.882249Z,2025-09-19T15:28:34.458113Z,11.549,12.21114177215189,10.945,44.065,575.864,570.1692784810122,511.09099999999995,649.042,395
2025-09-19T15:28:40.029287Z,2025-09-19T15:28:39.462291Z,2025-09-19T15:28:40.040649Z,11.362,12.208997474747468,10.945,44.065,578.3580000000001,570.1899570707067,511.09099999999995,649.042,396
2025-09-19T15:28:45.594544Z,2025-09-19T15:28:45.046287Z,2025-09-19T15:28:45.606559Z,12.014999999999999,12.2085088161209,10.945,44.065,560.272,570.1649748110826,511.09099999999995,649.042,397
2025-09-19T15:28:51.128584Z,2025-09-19T15:28:50.611432Z,2025-09-19T15:28:51.140133Z,11.549,12.206851758793961,10.945,44.065,528.701,570.0607939698489,511.09099999999995,649.042,398
2025-09-19T15:28:56.704969Z,2025-09-19T15:28:56.145808Z,2025-09-19T15:28:56.716662Z,11.693,12.205563909774428,10.945,44.065,570.8539999999999,570.0627819548868,511.09099999999995,649.042,399
2025-09-19T15:29:02.294534Z,2025-09-19T15:29:01.722293Z,2025-09-19T15:29:02.306081Z,11.547,12.203917499999992,10.945,44.065,583.788,570.0970949999996,511.09099999999995,649.042,400
2025-09-19T15:29:07.877008Z,2025-09-19T15:29:07.310314Z,2025-09-19T15:29:07.888697Z,11.689,12.202633416458845,10.945,44.065,578.3829999999999,570.1177581047377,511.09099999999995,649.042,401
2025-09-19T15:29:13.442688Z,2025-09-19T15:29:12.894293Z,2025-09-19T15:29:13.454297Z,11.609,12.201156716417902,10.945,44.065,560.0039999999999,570.0925995024871,511.09099999999995,649.042,402
2025-09-19T15:29:19.018634Z,2025-09-19T15:29:18.458310Z,2025-09-19T15:29:19.030479Z,11.844999999999999,12.20027295285359,10.945,44.065,572.169,570.0977518610417,511.09099999999995,649.042,403
2025-09-19T15:29:24.596203Z,2025-09-19T15:29:24.034292Z,2025-09-19T15:29:24.607694Z,11.491,12.198517326732667,10.945,44.065,573.4019999999999,570.1059306930688,511.09099999999995,649.042,404
2025-09-19T15:29:30.162914Z,2025-09-19T15:29:29.612729Z,2025-09-19T15:29:30.174657Z,11.743,12.197392592592585,10.945,44.065,561.928,570.0857382716044,511.09099999999995,649.042,405
2025-09-19T15:29:35.724880Z,2025-09-19T15:29:35.178316Z,2025-09-19T15:29:35.736401Z,11.521,12.195726600985216,10.945,44.065,558.085,570.0561798029552,511.09099999999995,649.042,406
2025-09-19T15:29:41.282790Z,2025-09-19T15:29:40.738303Z,2025-09-19T15:29:41.293953Z,11.162999999999998,12.193189189189182,10.945,44.065,555.65,570.0207837837833,511.09099999999995,649.042,407
2025-09-19T15:29:46.901432Z,2025-09-19T15:29:46.298288Z,2025-09-19T15:29:46.913615Z,12.183,12.193164215686267,10.945,44.065,615.327,570.1318284313721,511.09099999999995,649.042,408
2025-09-19T15:29:52.495669Z,2025-09-19T15:29:51.918302Z,2025-09-19T15:29:52.507324Z,11.655000000000001,12.19184841075794,10.945,44.065,589.022,570.1780146699261,511.09099999999995,649.042,409
2025-09-19T15:29:58.065840Z,2025-09-19T15:29:57.510271Z,2025-09-19T15:29:58.077280Z,11.440000000000001,12.190014634146335,10.945,44.065,567.009,570.1702853658533,511.09099999999995,649.042,410
2025-09-19T15:30:03.633498Z,2025-09-19T15:30:03.082285Z,2025-09-19T15:30:03.645073Z,11.575000000000001,12.188518248175175,10.945,44.065,562.788,570.1523236009727,511.09099999999995,649.042,411
2025-09-19T15:30:09.197012Z,2025-09-19T15:30:08.650303Z,2025-09-19T15:30:09.208676Z,11.664000000000001,12.18724514563106,10.945,44.065,558.373,570.1237330097083,511.09099999999995,649.042,412
2025-09-19T15:30:14.785795Z,2025-09-19T15:30:14.214296Z,2025-09-19T15:30:14.797444Z,11.649,12.185941888619848,10.945,44.065,583.148,570.1552687651326,511.09099999999995,649.042,413
2025-09-19T15:30:20.346846Z,2025-09-19T15:30:19.802292Z,2025-09-19T15:30:20.358586Z,11.74,12.18486473429951,10.945,44.065,556.294,570.1217874396131,511.09099999999995,649.042,414
2025-09-19T15:30:25.915038Z,2025-09-19T15:30:25.362314Z,2025-09-19T15:30:25.926216Z,11.178,12.18243855421686,10.945,44.065,563.902,570.1067999999996,511.09099999999995,649.042,415
2025-09-19T15:30:31.488002Z,2025-09-19T15:30:30.930272Z,2025-09-19T15:30:31.499591Z,11.589,12.181012019230762,10.945,44.065,569.3190000000001,570.1049062499997,511.09099999999995,649.042,416
2025-09-19T15:30:37.075986Z,2025-09-19T15:30:36.502306Z,2025-09-19T15:30:37.087654Z,11.668,12.179781774580329,10.945,44.065,585.348,570.1414604316544,511.09099999999995,649.042,417
2025-09-19T15:30:42.655200Z,2025-09-19T15:30:42.090298Z,2025-09-19T15:30:42.666763Z,11.563,12.178306220095687,10.945,44.065,576.465,570.1565885167461,511.09099999999995,649.042,418
2025-09-19T15:30:48.229481Z,2025-09-19T15:30:47.670177Z,2025-09-19T15:30:48.241000Z,11.519,12.176732696897368,10.945,44.065,570.823,570.158178997613,511.09099999999995,649.042,419
2025-09-19T15:30:53.809022Z,2025-09-19T15:30:53.246286Z,2025-09-19T15:30:53.820694Z,11.672,12.175530952380946,10.945,44.065,574.408,570.1682976190473,511.09099999999995,649.042,420
2025-09-19T15:30:59.337183Z,2025-09-19T15:30:58.826298Z,2025-09-19T15:30:59.348699Z,11.516,12.173964370546312,10.945,44.065,522.401,570.0548361045127,511.09099999999995,649.042,421
2025-09-19T15:31:04.901750Z,2025-09-19T15:31:04.354327Z,2025-09-19T15:31:04.913683Z,11.933,12.173393364928902,10.945,44.065,559.356,570.029483412322,511.09099999999995,649.042,422
2025-09-19T15:31:10.470830Z,2025-09-19T15:31:09.918296Z,2025-09-19T15:31:10.482584Z,11.754000000000001,12.172401891252948,10.945,44.065,564.288,570.0159101654843,511.09099999999995,649.042,423
2025-09-19T15:31:16.088252Z,2025-09-19T15:31:15.486337Z,2025-09-19T15:31:16.099993Z,11.741,12.171384433962256,10.945,44.065,613.656,570.11883490566,511.09099999999995,649.042,424
2025-09-19T15:31:21.666384Z,2025-09-19T15:31:21.102326Z,2025-09-19T15:31:21.678003Z,11.619000000000002,12.170084705882344,10.945,44.065,575.677,570.1319129411762,511.09099999999995,649.042,425
2025-09-19T15:31:27.274813Z,2025-09-19T15:31:26.682297Z,2025-09-19T15:31:27.286462Z,11.649,12.16886150234741,10.945,44.065,604.165,570.2118028169011,511.09099999999995,649.042,426
2025-09-19T15:31:32.857954Z,2025-09-19T15:31:32.292052Z,2025-09-19T15:31:32.869164Z,11.209999999999999,12.16661592505854,10.945,44.065,577.112,570.2279625292737,511.09099999999995,649.042,427
2025-09-19T15:31:38.424229Z,2025-09-19T15:31:37.874306Z,2025-09-19T15:31:38.435589Z,11.36,12.164731308411206,10.945,44.065,561.283,570.2070630841118,511.09099999999995,649.042,428
2025-09-19T15:31:43.996268Z,2025-09-19T15:31:43.440922Z,2025-09-19T15:31:44.007677Z,11.409,12.162969696969688,10.945,44.065,566.755,570.1990163170161,511.09099999999995,649.042,429
2025-09-19T15:31:49.549180Z,2025-09-19T15:31:49.010294Z,2025-09-19T15:31:49.561508Z,12.328000000000001,12.163353488372085,10.945,44.065,551.2139999999999,570.1548651162788,511.09099999999995,649.042,430
2025-09-19T15:31:55.141800Z,2025-09-19T15:31:54.566292Z,2025-09-19T15:31:55.153451Z,11.651,12.162164733178644,10.945,44.065,587.159,570.194317865429,511.09099999999995,649.042,431
2025-09-19T15:32:00.718668Z,2025-09-19T15:32:00.158297Z,2025-09-19T15:32:00.729966Z,11.298,12.160164351851842,10.945,44.065,571.669,570.1977314814812,511.09099999999995,649.042,432
2025-09-19T15:32:06.297625Z,2025-09-19T15:32:05.734294Z,2025-09-19T15:32:06.309894Z,12.269,12.160415704387981,10.945,44.065,575.6,570.2102078521938,511.09099999999995,649.042,433
2025-09-19T15:32:11.830185Z,2025-09-19T15:32:11.314294Z,2025-09-19T15:32:11.842313Z,12.128,12.160341013824873,10.945,44.065,528.019,570.1129930875574,511.09099999999995,649.042,434
2025-09-19T15:32:17.428626Z,2025-09-19T15:32:16.846293Z,2025-09-19T15:32:17.440280Z,11.654,12.159177011494242,10.945,44.065,593.9870000000001,570.1678758620687,511.09099999999995,649.042,435
2025-09-19T15:32:23.069952Z,2025-09-19T15:32:22.442296Z,2025-09-19T15:32:23.081438Z,11.485999999999999,12.157633027522925,10.945,44.065,639.1419999999999,570.3260733944951,511.09099999999995,649.042,436
2025-09-19T15:32:28.679993Z,2025-09-19T15:32:28.086334Z,2025-09-19T15:32:28.691833Z,11.84,12.156906178489692,10.945,44.065,605.499,570.406560640732,511.09099999999995,649.042,437
2025-09-19T15:32:34.311400Z,2025-09-19T15:32:33.694313Z,2025-09-19T15:32:34.323780Z,12.38,12.157415525114144,10.945,44.065,629.467,570.5414018264838,511.09099999999995,649.042,438
2025-09-19T15:32:39.896654Z,2025-09-19T15:32:39.326305Z,2025-09-19T15:32:39.908630Z,11.976,12.157002277904319,10.945,44.065,582.3249999999999,570.5682437357628,511.09099999999995,649.042,439
2025-09-19T15:32:45.483094Z,2025-09-19T15:32:44.914292Z,2025-09-19T15:32:45.494917Z,11.823,12.156243181818171,10.945,44.065,580.625,570.5910999999998,511.09099999999995,649.042,440
2025-09-19T15:32:51.063587Z,2025-09-19T15:32:50.498622Z,2025-09-19T15:32:51.075885Z,12.298,12.15656462585033,10.945,44.065,577.2629999999999,570.6062290249431,511.09099999999995,649.042,441
2025-09-19T15:32:56.624887Z,2025-09-19T15:32:56.078363Z,2025-09-19T15:32:56.637569Z,12.682,12.157753393665148,10.945,44.065,559.206,570.5804366515835,511.09099999999995,649.042,442
2025-09-19T15:33:02.150209Z,2025-09-19T15:33:01.642380Z,2025-09-19T15:33:02.162053Z,11.844000000000001,12.157045146726851,10.945,44.065,519.673,570.465521444695,511.09099999999995,649.042,443
2025-09-19T15:33:07.727432Z,2025-09-19T15:33:07.167957Z,2025-09-19T15:33:07.738491Z,11.059,12.154572072072062,10.945,44.065,570.534,570.4656756756754,511.09099999999995,649.042,444
2025-09-19T15:33:13.313130Z,2025-09-19T15:33:12.742309Z,2025-09-19T15:33:13.324807Z,11.677,12.153498876404484,10.945,44.065,582.4979999999999,570.4927146067413,511.09099999999995,649.042,445
2025-09-19T15:33:18.924027Z,2025-09-19T15:33:18.326351Z,2025-09-19T15:33:18.935709Z,11.682,12.152441704035864,10.945,44.065,609.358,570.5798565022419,511.09099999999995,649.042,446
2025-09-19T15:33:24.497517Z,2025-09-19T15:33:23.938290Z,2025-09-19T15:33:24.508969Z,11.452,12.150874720357931,10.945,44.065,570.6790000000001,570.5800782997761,511.09099999999995,649.042,447
2025-09-19T15:33:30.088638Z,2025-09-19T15:33:29.514297Z,2025-09-19T15:33:30.100607Z,11.969000000000001,12.150468749999991,10.945,44.065,586.31,570.6151897321427,511.09099999999995,649.042,448
2025-09-19T15:33:35.665633Z,2025-09-19T15:33:35.106316Z,2025-09-19T15:33:35.677566Z,11.933,12.149984409799544,10.945,44.065,571.25,570.6166035634742,511.09099999999995,649.042,449
2025-09-19T15:33:41.260109Z,2025-09-19T15:33:40.682876Z,2025-09-19T15:33:41.271658Z,11.549,12.148648888888879,10.945,44.065,588.782,570.6569711111109,511.09099999999995,649.042,450
2025-09-19T15:33:46.844836Z,2025-09-19T15:33:46.276395Z,2025-09-19T15:33:46.856653Z,11.817,12.14791352549888,10.945,44.065,580.258,570.6782594235032,511.09099999999995,649.042,451
2025-09-19T15:33:52.432494Z,2025-09-19T15:33:51.862290Z,2025-09-19T15:33:52.444365Z,11.871,12.147300884955742,10.945,44.065,582.075,570.7034734513271,511.09099999999995,649.042,452
2025-09-19T15:33:58.036964Z,2025-09-19T15:33:57.449568Z,2025-09-19T15:33:58.048645Z,11.681000000000001,12.146271523178797,10.945,44.065,599.077,570.7661081677702,511.09099999999995,649.042,453
2025-09-19T15:34:03.612661Z,2025-09-19T15:34:03.054291Z,2025-09-19T15:34:03.624359Z,11.698,12.145284140969153,10.945,44.065,570.068,570.7645704845813,511.09099999999995,649.042,454
2025-09-19T15:34:09.234506Z,2025-09-19T15:34:08.626440Z,2025-09-19T15:34:09.246005Z,11.499,12.143863736263725,10.945,44.065,619.565,570.8718241758239,511.09099999999995,649.042,455
2025-09-19T15:34:14.807831Z,2025-09-19T15:34:14.251916Z,2025-09-19T15:34:14.819236Z,11.405,12.142243421052621,10.945,44.065,567.32,570.8640350877191,511.09099999999995,649.042,456
2025-09-19T15:34:20.372335Z,2025-09-19T15:34:19.822289Z,2025-09-19T15:34:20.384096Z,11.761000000000001,12.14140919037198,10.945,44.065,561.8069999999999,570.8442166301967,511.09099999999995,649.042,457
2025-09-19T15:34:25.943405Z,2025-09-19T15:34:25.386294Z,2025-09-19T15:34:25.955009Z,11.604,12.140235807860252,10.945,44.065,568.7149999999999,570.8395676855893,511.09099999999995,649.042,458
2025-09-19T15:34:31.513128Z,2025-09-19T15:34:30.958290Z,2025-09-19T15:34:31.524838Z,11.709999999999999,12.139298474945521,10.945,44.065,566.548,570.8302178649235,511.09099999999995,649.042,459
2025-09-19T15:34:37.153644Z,2025-09-19T15:34:36.530392Z,2025-09-19T15:34:37.165303Z,11.658999999999999,12.138254347826077,10.945,44.065,634.9110000000001,570.9695239130432,511.09099999999995,649.042,460
2025-09-19T15:34:42.723164Z,2025-09-19T15:34:42.171170Z,2025-09-19T15:34:42.734607Z,11.443,12.136746203904545,10.945,44.065,563.437,570.9531843817786,511.09099999999995,649.042,461
2025-09-19T15:34:48.289108Z,2025-09-19T15:34:47.738297Z,2025-09-19T15:34:48.300627Z,11.519,12.135409090909079,10.945,44.065,562.33,570.9345194805192,511.09099999999995,649.042,462
2025-09-19T15:34:53.850473Z,2025-09-19T15:34:53.306300Z,2025-09-19T15:34:53.861929Z,11.456,12.133941684665214,10.945,44.065,555.629,570.9014622030235,511.09099999999995,649.042,463
2025-09-19T15:34:59.418205Z,2025-09-19T15:34:58.866288Z,2025-09-19T15:34:59.429539Z,11.334,12.13221767241378,10.945,44.065,563.251,570.8849741379308,511.09099999999995,649.042,464
2025-09-19T15:35:04.989004Z,2025-09-19T15:35:04.434315Z,2025-09-19T15:35:05.001122Z,12.118,12.132187096774182,10.945,44.065,566.8069999999999,570.876204301075,511.09099999999995,649.042,465
2025-09-19T15:35:10.596211Z,2025-09-19T15:35:10.006324Z,2025-09-19T15:35:10.607963Z,11.752,12.131371244635183,10.945,44.065,601.639,570.9422188841198,511.09099999999995,649.042,466
2025-09-19T15:35:16.165570Z,2025-09-19T15:35:15.610277Z,2025-09-19T15:35:16.177368Z,11.798,12.130657387580289,10.945,44.065,567.091,570.9339721627406,511.09099999999995,649.042,467
2025-09-19T15:35:21.732641Z,2025-09-19T15:35:21.183162Z,2025-09-19T15:35:21.744121Z,11.48,12.12926709401708,10.945,44.065,560.959,570.9126581196579,511.09099999999995,649.042,468
2025-09-19T15:35:27.322367Z,2025-09-19T15:35:26.749102Z,2025-09-19T15:35:27.334073Z,11.706,12.128364605543698,10.945,44.065,584.971,570.9426332622598,511.09099999999995,649.042,469
2025-09-19T15:35:32.878207Z,2025-09-19T15:35:32.338324Z,2025-09-19T15:35:32.889949Z,11.742,12.127542553191477,10.945,44.065,551.625,570.9015319148933,511.09099999999995,649.042,470
2025-09-19T15:35:38.442249Z,2025-09-19T15:35:37.894783Z,2025-09-19T15:35:38.454101Z,11.852,12.126957537154977,10.945,44.065,559.318,570.8769384288744,511.09099999999995,649.042,471
2025-09-19T15:35:44.018296Z,2025-09-19T15:35:43.458292Z,2025-09-19T15:35:44.030630Z,12.334,12.127396186440667,10.945,44.065,572.338,570.8800338983049,511.09099999999995,649.042,472
2025-09-19T15:35:49.601719Z,2025-09-19T15:35:49.034986Z,2025-09-19T15:35:49.613465Z,11.745999999999999,12.126589852008445,10.945,44.065,578.4789999999999,570.8960993657504,511.09099999999995,649.042,473
2025-09-19T15:35:55.202489Z,2025-09-19T15:35:54.618494Z,2025-09-19T15:35:55.213589Z,11.1,12.124424050632898,10.945,44.065,595.095,570.947151898734,511.09099999999995,649.042,474
2025-09-19T15:36:00.800797Z,2025-09-19T15:36:00.218374Z,2025-09-19T15:36:00.813264Z,12.467,12.125145263157881,10.945,44.065,594.89,570.9975578947367,511.09099999999995,649.042,475
2025-09-19T15:36:06.374495Z,2025-09-19T15:36:05.818300Z,2025-09-19T15:36:06.386382Z,11.887,12.12464495798318,10.945,44.065,568.082,570.9914327731092,511.09099999999995,649.042,476
2025-09-19T15:36:11.960097Z,2025-09-19T15:36:11.390291Z,2025-09-19T15:36:11.971911Z,11.814,12.12399371069181,10.945,44.065,581.62,571.0137148846959,511.09099999999995,649.042,477
2025-09-19T15:36:17.524216Z,2025-09-19T15:36:16.974296Z,2025-09-19T15:36:17.535564Z,11.348,12.122370292887018,10.945,44.065,561.268,570.9933263598325,511.09099999999995,649.042,478
2025-09-19T15:36:23.093708Z,2025-09-19T15:36:22.538292Z,2025-09-19T15:36:23.105545Z,11.837,12.121774530271386,10.945,44.065,567.253,570.9855177453024,511.09099999999995,649.042,479
2025-09-19T15:36:28.665615Z,2025-09-19T15:36:28.110314Z,2025-09-19T15:36:28.677654Z,12.039,12.12160208333332,10.945,44.065,567.3399999999999,570.9779229166664,511.09099999999995,649.042,480
2025-09-19T15:36:34.241937Z,2025-09-19T15:36:33.683267Z,2025-09-19T15:36:34.253794Z,11.857,12.121051975051962,10.945,44.065,570.527,570.9769854469853,511.09099999999995,649.042,481
2025-09-19T15:36:39.853164Z,2025-09-19T15:36:39.258318Z,2025-09-19T15:36:39.865161Z,11.997,12.120794605809115,10.945,44.065,606.8430000000001,571.0513962655601,511.09099999999995,649.042,482
2025-09-19T15:36:45.385470Z,2025-09-19T15:36:44.870297Z,2025-09-19T15:36:45.397104Z,11.634,12.119786749482389,10.945,44.065,526.807,570.9597929606624,511.09099999999995,649.042,483
2025-09-19T15:36:50.974810Z,2025-09-19T15:36:50.402365Z,2025-09-19T15:36:50.986287Z,11.476999999999999,12.118458677685938,10.945,44.065,583.922,570.9865743801652,511.09099999999995,649.042,484
2025-09-19T15:36:56.557640Z,2025-09-19T15:36:55.990307Z,2025-09-19T15:36:56.569318Z,11.677999999999999,12.117550515463904,10.945,44.065,579.0110000000001,571.0031195876287,511.09099999999995,649.042,485
2025-09-19T15:37:02.117468Z,2025-09-19T15:37:01.574313Z,2025-09-19T15:37:02.128890Z,11.422,12.116119341563772,10.945,44.065,554.577,570.9693209876542,511.09099999999995,649.042,486
2025-09-19T15:37:07.703990Z,2025-09-19T15:37:07.134307Z,2025-09-19T15:37:07.715612Z,11.622,12.115104722792593,10.945,44.065,581.305,570.9905441478438,511.09099999999995,649.042,487
2025-09-19T15:37:13.295552Z,2025-09-19T15:37:12.718318Z,2025-09-19T15:37:13.307133Z,11.581,12.114010245901625,10.945,44.065,588.8149999999999,571.027069672131,511.09099999999995,649.042,488
2025-09-19T15:37:18.877348Z,2025-09-19T15:37:18.313062Z,2025-09-19T15:37:18.889196Z,11.847999999999999,12.113466257668696,10.945,44.065,576.134,571.0375132924335,511.09099999999995,649.042,489
2025-09-19T15:37:24.438417Z,2025-09-19T15:37:23.894499Z,2025-09-19T15:37:24.449786Z,11.369,12.111946938775494,10.945,44.065,555.2869999999999,571.0053693877551,511.09099999999995,649.042,490
2025-09-19T15:37:30.028354Z,2025-09-19T15:37:29.454298Z,2025-09-19T15:37:30.040326Z,11.972,12.11166191446027,10.945,44.065,586.028,571.035965376782,511.09099999999995,649.042,491
2025-09-19T15:37:35.613971Z,2025-09-19T15:37:35.046251Z,2025-09-19T15:37:35.625483Z,11.512,12.110443089430879,10.945,44.065,579.232,571.0526239837397,511.09099999999995,649.042,492
2025-09-19T15:37:41.205619Z,2025-09-19T15:37:40.630284Z,2025-09-19T15:37:41.217585Z,11.966,12.110150101419864,10.945,44.065,587.3009999999999,571.0855821501015,511.09099999999995,649.042,493
2025-09-19T15:37:46.791922Z,2025-09-19T15:37:46.222462Z,2025-09-19T15:37:46.803507Z,11.584999999999999,12.109087044534398,10.945,44.065,581.0450000000001,571.1057429149797,511.09099999999995,649.042,494
2025-09-19T15:37:52.370630Z,2025-09-19T15:37:51.807223Z,2025-09-19T15:37:52.382369Z,11.738999999999999,12.10833939393938,10.945,44.065,575.1460000000001,571.1139050505051,511.09099999999995,649.042,495
2025-09-19T15:37:57.936098Z,2025-09-19T15:37:57.386292Z,2025-09-19T15:37:57.947445Z,11.347,12.106804435483856,10.945,44.065,561.153,571.0938225806452,511.09099999999995,649.042,496
2025-09-19T15:38:03.496625Z,2025-09-19T15:38:02.950298Z,2025-09-19T15:38:03.508085Z,11.459999999999999,12.105503018108637,10.945,44.065,557.787,571.0670482897385,511.09099999999995,649.042,497
2025-09-19T15:38:09.081415Z,2025-09-19T15:38:08.513581Z,2025-09-19T15:38:09.093114Z,11.699,12.104686746987937,10.945,44.065,579.533,571.0840481927711,511.09099999999995,649.042,498
2025-09-19T15:38:14.664907Z,2025-09-19T15:38:14.098293Z,2025-09-19T15:38:14.676663Z,11.756,12.103987975951888,10.945,44.065,578.37,571.0986492985974,511.09099999999995,649.042,499
2025-09-19T15:38:20.232535Z,2025-09-19T15:38:19.682293Z,2025-09-19T15:38:20.244252Z,11.717,12.103213999999985,10.945,44.065,561.959,571.0803700000001,511.09099999999995,649.042,500
2025-09-19T15:38:25.868229Z,2025-09-19T15:38:25.248925Z,2025-09-19T15:38:25.879814Z,11.584999999999999,12.102179640718548,10.945,44.065,630.889,571.1997485029941,511.09099999999995,649.042,501
2025-09-19T15:38:31.444905Z,2025-09-19T15:38:30.883187Z,2025-09-19T15:38:31.457077Z,12.172,12.102318725099588,10.945,44.065,573.89,571.2051075697213,511.09099999999995,649.042,502
2025-09-19T15:38:37.023741Z,2025-09-19T15:38:36.462356Z,2025-09-19T15:38:37.035101Z,11.36,12.100842942345908,10.945,44.065,572.745,571.2081689860837,511.09099999999995,649.042,503
2025-09-19T15:38:42.614190Z,2025-09-19T15:38:42.039298Z,2025-09-19T15:38:42.626088Z,11.898000000000001,12.10044047619046,10.945,44.065,586.7900000000001,571.2390853174605,511.09099999999995,649.042,504
2025-09-19T15:38:48.201609Z,2025-09-19T15:38:47.630311Z,2025-09-19T15:38:48.213641Z,12.032,12.100304950495035,10.945,44.065,583.33,571.2630277227724,511.09099999999995,649.042,505
2025-09-19T15:38:53.760579Z,2025-09-19T15:38:53.218314Z,2025-09-19T15:38:53.772125Z,11.546000000000001,12.099209486165993,10.945,44.065,553.811,571.2285375494073,511.09099999999995,649.042,506
2025-09-19T15:38:59.324794Z,2025-09-19T15:38:58.775045Z,2025-09-19T15:38:59.336479Z,11.684999999999999,12.09839250493095,10.945,44.065,561.434,571.2092189349115,511.09099999999995,649.042,507
2025-09-19T15:39:04.850705Z,2025-09-19T15:39:04.338566Z,2025-09-19T15:39:04.861949Z,11.244,12.096710629921244,10.945,44.065,523.383,571.115072834646,511.09099999999995,649.042,508
2025-09-19T15:39:10.417305Z,2025-09-19T15:39:09.866311Z,2025-09-19T15:39:10.428883Z,11.578,12.095691552062853,10.945,44.065,562.572,571.098288801572,511.09099999999995,649.042,509
2025-09-19T15:39:15.991491Z,2025-09-19T15:39:15.434289Z,2025-09-19T15:39:16.002684Z,11.193,12.093921568627433,10.945,44.065,568.395,571.0929882352945,511.09099999999995,649.042,510
2025-09-19T15:39:21.568253Z,2025-09-19T15:39:21.006275Z,2025-09-19T15:39:21.580371Z,12.118,12.093968688845385,10.945,44.065,574.096,571.098864970646,511.09099999999995,649.042,511
2025-09-19T15:39:27.144077Z,2025-09-19T15:39:26.583081Z,2025-09-19T15:39:27.155606Z,11.529,12.092865234374985,10.945,44.065,572.525,571.1016503906252,511.09099999999995,649.042,512
2025-09-19T15:39:32.709595Z,2025-09-19T15:39:32.161594Z,2025-09-19T15:39:32.721171Z,11.575999999999999,12.091857699805052,10.945,44.065,559.577,571.0791851851855,511.09099999999995,649.042,513
2025-09-19T15:39:38.293686Z,2025-09-19T15:39:37.726287Z,2025-09-19T15:39:38.305157Z,11.471,12.090649805447455,10.945,44.065,578.87,571.0943424124515,511.09099999999995,649.042,514
2025-09-19T15:39:43.867248Z,2025-09-19T15:39:43.310310Z,2025-09-19T15:39:43.878499Z,11.251000000000001,12.089019417475711,10.945,44.065,568.1890000000001,571.088700970874,511.09099999999995,649.042,515
2025-09-19T15:39:49.437035Z,2025-09-19T15:39:48.882298Z,2025-09-19T15:39:49.448216Z,11.181,12.087259689922464,10.945,44.065,565.918,571.0786802325583,511.09099999999995,649.042,516
2025-09-19T15:39:54.992691Z,2025-09-19T15:39:54.450315Z,2025-09-19T15:39:55.004775Z,12.084,12.087253384912943,10.945,44.065,554.4599999999999,571.0465357833658,511.09099999999995,649.042,517
2025-09-19T15:40:00.556835Z,2025-09-19T15:40:00.010285Z,2025-09-19T15:40:00.567879Z,11.044,12.085239382239365,10.945,44.065,557.594,571.0205656370658,511.09099999999995,649.042,518
2025-09-19T15:40:06.158388Z,2025-09-19T15:40:05.573008Z,2025-09-19T15:40:06.169381Z,10.992999999999999,12.083134874759136,10.945,44.065,596.373,571.0694142581891,511.09099999999995,649.042,519
2025-09-19T15:40:11.697939Z,2025-09-19T15:40:11.174318Z,2025-09-19T15:40:11.708740Z,10.801,12.080669230769214,10.801,44.065,534.4219999999999,570.9989384615388,511.09099999999995,649.042,520
2025-09-19T15:40:17.302059Z,2025-09-19T15:40:16.714293Z,2025-09-19T15:40:17.315197Z,13.138,12.082698656429924,10.801,44.065,600.904,571.0563378119006,511.09099999999995,649.042,521
2025-09-19T15:40:22.880105Z,2025-09-19T15:40:22.320776Z,2025-09-19T15:40:22.891322Z,11.216999999999999,12.081040229885039,10.801,44.065,570.546,571.055360153257,511.09099999999995,649.042,522
2025-09-19T15:40:28.458982Z,2025-09-19T15:40:27.897131Z,2025-09-19T15:40:28.469862Z,10.88,12.078743785850843,10.801,44.065,572.731,571.0585640535375,511.09099999999995,649.042,523
2025-09-19T15:40:34.046708Z,2025-09-19T15:40:33.474169Z,2025-09-19T15:40:34.058189Z,11.481,12.077603053435098,10.801,44.065,584.02,571.0832996183208,511.09099999999995,649.042,524
2025-09-19T15:40:39.615845Z,2025-09-19T15:40:39.062287Z,2025-09-19T15:40:39.626944Z,11.099,12.075739047619031,10.801,44.065,564.6569999999999,571.0710590476193,511.09099999999995,649.042,525
2025-09-19T15:40:45.170918Z,2025-09-19T15:40:44.630288Z,2025-09-19T15:40:45.182303Z,11.385,12.07442585551329,10.801,44.065,552.015,571.0348307984793,511.09099999999995,649.042,526
2025-09-19T15:40:50.730045Z,2025-09-19T15:40:50.185154Z,2025-09-19T15:40:50.741280Z,11.235,12.072833017077782,10.801,44.065,556.126,571.0065407969643,511.09099999999995,649.042,527
2025-09-19T15:40:56.324142Z,2025-09-19T15:40:55.746299Z,2025-09-19T15:40:56.335249Z,11.107000000000001,12.07100378787877,10.801,44.065,588.9499999999999,571.0405246212124,511.09099999999995,649.042,528
2025-09-19T15:41:01.930099Z,2025-09-19T15:41:01.338301Z,2025-09-19T15:41:01.941246Z,11.147,12.069257088846864,10.801,44.065,602.9449999999999,571.1008355387526,511.09099999999995,649.042,529
2025-09-19T15:41:07.496741Z,2025-09-19T15:41:06.946294Z,2025-09-19T15:41:07.508105Z,11.364,12.067926415094323,10.801,44.065,561.8109999999999,571.08330754717,511.09099999999995,649.042,530
2025-09-19T15:41:13.074625Z,2025-09-19T15:41:12.510654Z,2025-09-19T15:41:13.085890Z,11.265,12.066414312617686,10.801,44.065,575.236,571.0911280602638,511.09099999999995,649.042,531
2025-09-19T15:41:18.615022Z,2025-09-19T15:41:18.090293Z,2025-09-19T15:41:18.626157Z,11.135000000000002,12.06466353383457,10.801,44.065,535.864,571.0249116541356,511.09099999999995,649.042,532
2025-09-19T15:41:24.190373Z,2025-09-19T15:41:23.630312Z,2025-09-19T15:41:24.201656Z,11.283,12.06319699812381,10.801,44.065,571.3439999999999,571.0255103189495,511.09099999999995,649.042,533
2025-09-19T15:41:29.777568Z,2025-09-19T15:41:29.207400Z,2025-09-19T15:41:29.788745Z,11.177,12.061537453183503,10.801,44.065,581.345,571.0448352059929,511.09099999999995,649.042,534
2025-09-19T15:41:35.358540Z,2025-09-19T15:41:34.794270Z,2025-09-19T15:41:35.369801Z,11.261000000000001,12.060041121495312,10.801,44.065,575.5310000000001,571.053220560748,511.09099999999995,649.042,535
2025-09-19T15:41:40.929612Z,2025-09-19T15:41:40.374271Z,2025-09-19T15:41:40.941119Z,11.507,12.059009328358192,10.801,44.065,566.8480000000001,571.0453750000003,511.09099999999995,649.042,536
2025-09-19T15:41:46.509498Z,2025-09-19T15:41:45.946295Z,2025-09-19T15:41:46.520644Z,11.145999999999999,12.05730912476721,10.801,44.065,574.349,571.0515270018625,511.09099999999995,649.042,537
2025-09-19T15:41:52.086753Z,2025-09-19T15:41:51.526273Z,2025-09-19T15:41:52.098085Z,11.332,12.055960966542736,10.801,44.065,571.812,571.0529405204464,511.09099999999995,649.042,538
2025-09-19T15:41:57.645301Z,2025-09-19T15:41:57.102317Z,2025-09-19T15:41:57.657653Z,12.352,12.056510204081617,10.801,44.065,555.336,571.023781076067,511.09099999999995,649.042,539
2025-09-19T15:42:03.209926Z,2025-09-19T15:42:02.662294Z,2025-09-19T15:42:03.221023Z,11.097,12.054733333333319,10.801,44.065,558.729,571.0010129629634,511.09099999999995,649.042,540
2025-09-19T15:42:08.782140Z,2025-09-19T15:42:08.226297Z,2025-09-19T15:42:08.793394Z,11.254,12.053253234750448,10.801,44.065,567.097,570.9937966728285,511.09099999999995,649.042,541
2025-09-19T15:42:14.350575Z,2025-09-19T15:42:13.798301Z,2025-09-19T15:42:14.361672Z,11.097,12.051488929889285,10.801,44.065,563.371,570.979732472325,511.09099999999995,649.042,542
2025-09-19T15:42:19.877974Z,2025-09-19T15:42:19.367366Z,2025-09-19T15:42:19.889542Z,11.568,12.050598526703483,10.801,44.065,522.1759999999999,570.889854511971,511.09099999999995,649.042,543
2025-09-19T15:42:25.445051Z,2025-09-19T15:42:24.894293Z,2025-09-19T15:42:25.456485Z,11.434,12.049465073529399,10.801,44.065,562.192,570.8738658088238,511.09099999999995,649.042,544
2025-09-19T15:42:31.067030Z,2025-09-19T15:42:30.462307Z,2025-09-19T15:42:31.078352Z,11.322000000000001,12.048130275229344,10.801,44.065,616.045,570.9567486238535,511.09099999999995,649.042,545
2025-09-19T15:42:36.658498Z,2025-09-19T15:42:36.082290Z,2025-09-19T15:42:36.669997Z,11.499,12.047124542124527,10.801,44.065,587.707,570.9874267399271,511.09099999999995,649.042,546
2025-09-19T15:42:42.233658Z,2025-09-19T15:42:41.673260Z,2025-09-19T15:42:42.244814Z,11.155999999999999,12.045495429616071,10.801,44.065,571.554,570.9884625228523,511.09099999999995,649.042,547
2025-09-19T15:42:47.819880Z,2025-09-19T15:42:47.250300Z,2025-09-19T15:42:47.831176Z,11.296000000000001,12.04412773722626,10.801,44.065,580.876,571.0065054744529,511.09099999999995,649.042,548
2025-09-19T15:42:53.394926Z,2025-09-19T15:42:52.835615Z,2025-09-19T15:42:53.406422Z,11.495999999999999,12.043129326047342,10.801,44.065,570.8069999999999,571.006142076503,511.09099999999995,649.042,549
2025-09-19T15:42:58.963415Z,2025-09-19T15:42:58.410285Z,2025-09-19T15:42:58.974297Z,10.882,12.041018181818165,10.801,44.065,564.012,570.9934254545458,511.09099999999995,649.042,550
2025-09-19T15:43:04.540974Z,2025-09-19T15:43:03.978328Z,2025-09-19T15:43:04.552331Z,11.357000000000001,12.039776769509967,10.801,44.065,574.003,570.9988874773143,511.09099999999995,649.042,551
2025-09-19T15:43:10.129177Z,2025-09-19T15:43:09.558032Z,2025-09-19T15:43:10.140616Z,11.439,12.038688405797085,10.801,44.065,582.584,571.0198750000003,511.09099999999995,649.042,552
2025-09-19T15:43:15.701486Z,2025-09-19T15:43:15.144338Z,2025-09-19T15:43:15.712540Z,11.054,12.03690777576852,10.801,44.065,568.202,571.0147793851721,511.09099999999995,649.042,553
2025-09-19T15:43:21.276465Z,2025-09-19T15:43:20.718309Z,2025-09-19T15:43:21.287825Z,11.36,12.0356859205776,10.801,44.065,569.5160000000001,571.0120740072206,511.09099999999995,649.042,554
2025-09-19T15:43:26.839913Z,2025-09-19T15:43:26.290333Z,2025-09-19T15:43:26.850918Z,11.004999999999999,12.033828828828813,10.801,44.065,560.585,570.9932864864868,511.09099999999995,649.042,555
2025-09-19T15:43:32.419381Z,2025-09-19T15:43:31.854303Z,2025-09-19T15:43:32.431031Z,11.65,12.033138489208618,10.801,44.065,576.7280000000001,571.0036007194248,511.09099999999995,649.042,556
2025-09-19T15:43:37.996995Z,2025-09-19T15:43:37.434297Z,2025-09-19T15:43:38.008505Z,11.51,12.03219928186713,10.801,44.065,574.2080000000001,571.0093536804311,511.09099999999995,649.042,557
2025-09-19T15:43:43.572073Z,2025-09-19T15:43:43.014293Z,2025-09-19T15:43:43.583478Z,11.405,12.03107526881719,10.801,44.065,569.1850000000001,571.006084229391,511.09099999999995,649.042,558
2025-09-19T15:43:49.178213Z,2025-09-19T15:43:48.586294Z,2025-09-19T15:43:49.189883Z,11.67,12.030429338103742,10.801,44.065,603.589,571.0643720930235,511.09099999999995,649.042,559
2025-09-19T15:43:54.739960Z,2025-09-19T15:43:54.194301Z,2025-09-19T15:43:54.751148Z,11.188,12.028924999999983,10.801,44.065,556.847,571.0389839285717,511.09099999999995,649.042,560
2025-09-19T15:44:00.312947Z,2025-09-19T15:43:59.754302Z,2025-09-19T15:44:00.324304Z,11.357000000000001,12.027727272727258,10.801,44.065,570.002,571.0371354723711,511.09099999999995,649.042,561
2025-09-19T15:44:05.889828Z,2025-09-19T15:44:05.330307Z,2025-09-19T15:44:05.901290Z,11.462,12.02672064056938,10.801,44.065,570.9830000000001,571.0370391459078,511.09099999999995,649.042,562
2025-09-19T15:44:11.486932Z,2025-09-19T15:44:10.906289Z,2025-09-19T15:44:11.497808Z,10.876,12.024676731793944,10.801,44.065,591.519,571.0734191829489,511.09099999999995,649.042,563
2025-09-19T15:44:17.056867Z,2025-09-19T15:44:16.502320Z,2025-09-19T15:44:17.068299Z,11.431999999999999,12.023625886524806,10.801,44.065,565.979,571.064386524823,511.09099999999995,649.042,564
2025-09-19T15:44:22.649332Z,2025-09-19T15:44:22.071480Z,2025-09-19T15:44:22.660574Z,11.242,12.02224247787609,10.801,44.065,589.094,571.0962973451332,511.09099999999995,649.042,565
2025-09-19T15:44:28.230064Z,2025-09-19T15:44:27.666336Z,2025-09-19T15:44:28.241223Z,11.159,12.020717314487616,10.801,44.065,574.8870000000001,571.102994699647,511.09099999999995,649.042,566
2025-09-19T15:44:33.889325Z,2025-09-19T15:44:33.246886Z,2025-09-19T15:44:33.900958Z,11.633,12.02003350970016,10.801,44.065,654.072,571.2493245149915,511.09099999999995,654.072,567
2025-09-19T15:44:39.489959Z,2025-09-19T15:44:38.906064Z,2025-09-19T15:44:39.501699Z,11.74,12.01954049295773,10.801,44.065,595.635,571.2922570422538,511.09099999999995,654.072,568
2025-09-19T15:44:45.061334Z,2025-09-19T15:44:44.506866Z,2025-09-19T15:44:45.072351Z,11.017000000000001,12.017778558875204,10.801,44.065,565.485,571.2820509666085,511.09099999999995,654.072,569
2025-09-19T15:44:50.650222Z,2025-09-19T15:44:50.078299Z,2025-09-19T15:44:50.661366Z,11.144,12.016245614035071,10.801,44.065,583.067,571.30272631579,511.09099999999995,654.072,570
2025-09-19T15:44:56.224970Z,2025-09-19T15:44:55.666299Z,2025-09-19T15:44:56.236102Z,11.132,12.01469702276706,10.801,44.065,569.803,571.3000998248691,511.09099999999995,654.072,571
2025-09-19T15:45:01.786087Z,2025-09-19T15:45:01.241066Z,2025-09-19T15:45:01.797226Z,11.139,12.013166083916067,10.801,44.065,556.16,571.2736311188816,511.09099999999995,654.072,572
2025-09-19T15:45:07.341207Z,2025-09-19T15:45:06.802329Z,2025-09-19T15:45:07.352684Z,11.476999999999999,12.01223036649213,10.801,44.065,550.355,571.2371239092499,511.09099999999995,654.072,573
2025-09-19T15:45:12.900022Z,2025-09-19T15:45:12.358349Z,2025-09-19T15:45:12.911217Z,11.195,12.010806620209042,10.801,44.065,552.868,571.2051219512199,511.09099999999995,654.072,574
2025-09-19T15:45:18.496654Z,2025-09-19T15:45:17.915264Z,2025-09-19T15:45:18.507957Z,11.303,12.009575652173897,10.801,44.065,592.693,571.2424921739134,511.09099999999995,654.072,575
2025-09-19T15:45:24.064125Z,2025-09-19T15:45:23.513572Z,2025-09-19T15:45:24.075169Z,11.044,12.007899305555538,10.801,44.065,561.597,571.2257465277781,511.09099999999995,654.072,576
2025-09-19T15:45:29.640582Z,2025-09-19T15:45:29.078306Z,2025-09-19T15:45:29.651491Z,10.909,12.005994800693225,10.801,44.065,573.185,571.2291421143851,511.09099999999995,654.072,577
2025-09-19T15:45:35.204472Z,2025-09-19T15:45:34.654366Z,2025-09-19T15:45:35.215366Z,10.893999999999998,12.004070934256038,10.801,44.065,561.0,571.2114446366786,511.09099999999995,654.072,578
2025-09-19T15:45:40.779012Z,2025-09-19T15:45:40.218297Z,2025-09-19T15:45:40.790079Z,11.067,12.002452504317771,10.801,44.065,571.782,571.2124300518138,511.09099999999995,654.072,579
2025-09-19T15:45:46.335176Z,2025-09-19T15:45:45.794306Z,2025-09-19T15:45:46.345906Z,10.73,12.000258620689639,10.73,44.065,551.6,571.1786155172417,511.09099999999995,654.072,580
2025-09-19T15:45:51.901594Z,2025-09-19T15:45:51.351646Z,2025-09-19T15:45:51.913196Z,11.602,11.999573149741806,10.73,44.065,561.55,571.1620430292603,511.09099999999995,654.072,581
2025-09-19T15:45:57.486717Z,2025-09-19T15:45:56.918297Z,2025-09-19T15:45:57.497675Z,10.958,11.99778350515462,10.73,44.065,579.3779999999999,571.1761597938149,511.09099999999995,654.072,582
2025-09-19T15:46:03.053109Z,2025-09-19T15:46:02.502294Z,2025-09-19T15:46:03.064666Z,11.557,11.99702744425384,10.73,44.065,562.372,571.1610583190399,511.09099999999995,654.072,583
2025-09-19T15:46:08.583719Z,2025-09-19T15:46:08.070309Z,2025-09-19T15:46:08.594792Z,11.073,11.995445205479433,10.73,44.065,524.4830000000001,571.0811301369866,511.09099999999995,654.072,584
2025-09-19T15:46:14.154899Z,2025-09-19T15:46:13.598304Z,2025-09-19T15:46:14.166155Z,11.256,11.994181196581177,10.73,44.065,567.851,571.0756085470089,511.09099999999995,654.072,585
2025-09-19T15:46:19.731640Z,2025-09-19T15:46:19.172181Z,2025-09-19T15:46:19.742527Z,10.887,11.992291808873702,10.73,44.065,570.346,571.0743634812289,511.09099999999995,654.072,586
2025-09-19T15:46:25.291884Z,2025-09-19T15:46:24.747265Z,2025-09-19T15:46:25.303068Z,11.184,11.990914821124344,10.73,44.065,555.803,571.0483475298129,511.09099999999995,654.072,587
2025-09-19T15:46:30.891368Z,2025-09-19T15:46:30.308097Z,2025-09-19T15:46:30.902627Z,11.259,11.989670068027193,10.73,44.065,594.53,571.0882823129256,511.09099999999995,654.072,588
2025-09-19T15:46:36.480871Z,2025-09-19T15:46:35.906297Z,2025-09-19T15:46:36.492202Z,11.331000000000001,11.988551782682496,10.73,44.065,585.905,571.1134380305607,511.09099999999995,654.072,589
2025-09-19T15:46:42.064266Z,2025-09-19T15:46:41.496088Z,2025-09-19T15:46:42.075288Z,11.022,11.986913559322016,10.73,44.065,579.2,571.1271440677971,511.09099999999995,654.072,590
2025-09-19T15:46:47.647850Z,2025-09-19T15:46:47.081063Z,2025-09-19T15:46:47.659364Z,11.514,11.986113367174262,10.73,44.065,578.3009999999999,571.1392825719125,511.09099999999995,654.072,591
2025-09-19T15:46:53.200484Z,2025-09-19T15:46:52.662296Z,2025-09-19T15:46:53.211905Z,11.421000000000001,11.985158783783767,10.73,44.065,549.609,571.1029138513518,511.09099999999995,654.072,592
2025-09-19T15:46:58.764137Z,2025-09-19T15:46:58.217982Z,2025-09-19T15:46:58.774944Z,10.807,11.983172006745344,10.73,44.065,556.962,571.0790674536261,511.09099999999995,654.072,593
2025-09-19T15:47:04.350649Z,2025-09-19T15:47:03.778293Z,2025-09-19T15:47:04.361791Z,11.142000000000001,11.981755892255876,10.73,44.065,583.4979999999999,571.0999747474752,511.09099999999995,654.072,594
2025-09-19T15:47:09.992411Z,2025-09-19T15:47:09.366340Z,2025-09-19T15:47:10.003585Z,11.174,11.980398319327714,10.73,44.065,637.245,571.2111428571434,511.09099999999995,654.072,595
2025-09-19T15:47:15.563497Z,2025-09-19T15:47:15.009534Z,2025-09-19T15:47:15.574786Z,11.289,11.97923825503354,10.73,44.065,565.252,571.2011442953025,511.09099999999995,654.072,596
2025-09-19T15:47:21.132139Z,2025-09-19T15:47:20.578291Z,2025-09-19T15:47:21.143274Z,11.135000000000002,11.977824120602998,10.73,44.065,564.9830000000001,571.1907286432165,511.09099999999995,654.072,597
2025-09-19T15:47:26.701431Z,2025-09-19T15:47:26.146303Z,2025-09-19T15:47:26.712519Z,11.088000000000001,11.976336120401319,10.73,44.065,566.216,571.1824096989972,511.09099999999995,654.072,598
2025-09-19T15:47:32.293107Z,2025-09-19T15:47:31.718310Z,2025-09-19T15:47:32.304340Z,11.233,11.975095158597645,10.73,44.065,586.0300000000001,571.2071969949922,511.09099999999995,654.072,599
2025-09-19T15:47:37.867484Z,2025-09-19T15:47:37.309337Z,2025-09-19T15:47:37.878181Z,10.697,11.972964999999983,10.697,44.065,568.844,571.2032583333338,511.09099999999995,654.072,600
2025-09-19T15:47:43.407827Z,2025-09-19T15:47:42.882310Z,2025-09-19T15:47:43.418926Z,11.099,11.971510815307804,10.697,44.065,536.616,571.145708818636,511.09099999999995,654.072,601
2025-09-19T15:47:48.988596Z,2025-09-19T15:47:48.423881Z,2025-09-19T15:47:48.999672Z,11.076,11.970023255813937,10.697,44.065,575.791,571.1534252491698,511.09099999999995,654.072,602
2025-09-19T15:47:54.564189Z,2025-09-19T15:47:54.002300Z,2025-09-19T15:47:54.576084Z,11.895,11.969898839137628,10.697,44.065,573.784,571.157787728027,511.09099999999995,654.072,603
2025-09-19T15:48:00.146490Z,2025-09-19T15:47:59.578304Z,2025-09-19T15:48:00.157767Z,11.277000000000001,11.968751655629122,10.697,44.065,579.463,571.1715380794706,511.09099999999995,654.072,604
2025-09-19T15:48:05.691638Z,2025-09-19T15:48:05.162292Z,2025-09-19T15:48:05.703096Z,11.458,11.967907438016512,10.697,44.065,540.804,571.1213438016531,511.09099999999995,654.072,605
2025-09-19T15:48:11.264480Z,2025-09-19T15:48:10.708996Z,2025-09-19T15:48:11.275369Z,10.889,11.966127062706253,10.697,44.065,566.373,571.1135082508254,511.09099999999995,654.072,606
2025-09-19T15:48:16.850016Z,2025-09-19T15:48:16.279313Z,2025-09-19T15:48:16.861405Z,11.389,11.965176276770988,10.697,44.065,582.0920000000001,571.1315947281715,511.09099999999995,654.072,607
2025-09-19T15:48:22.424751Z,2025-09-19T15:48:21.866290Z,2025-09-19T15:48:22.441282Z,16.531,11.97268585526314,10.697,44.065,574.992,571.1379440789477,511.09099999999995,654.072,608
2025-09-19T15:48:28.011201Z,2025-09-19T15:48:27.446308Z,2025-09-19T15:48:28.022101Z,10.9,11.970924466338241,10.697,44.065,575.793,571.1455878489329,511.09099999999995,654.072,609
2025-09-19T15:48:33.579278Z,2025-09-19T15:48:33.026303Z,2025-09-19T15:48:33.590397Z,11.119,11.969527868852442,10.697,44.065,564.0939999999999,571.1340278688527,511.09099999999995,654.072,610
2025-09-19T15:48:39.164424Z,2025-09-19T15:48:38.594321Z,2025-09-19T15:48:39.175453Z,11.029,11.967988543371504,10.697,44.065,581.132,571.1503911620297,511.09099999999995,654.072,611
2025-09-19T15:48:44.728468Z,2025-09-19T15:48:44.178267Z,2025-09-19T15:48:44.739735Z,11.267,11.966843137254884,10.697,44.065,561.468,571.1345702614382,511.09099999999995,654.072,612
2025-09-19T15:48:50.267657Z,2025-09-19T15:48:49.743133Z,2025-09-19T15:48:50.278573Z,10.916,11.965128874388238,10.697,44.065,535.44,571.0763409461666,511.09099999999995,654.072,613
2025-09-19T15:48:55.848855Z,2025-09-19T15:48:55.282302Z,2025-09-19T15:48:55.860139Z,11.284,11.964019543973924,10.697,44.065,577.837,571.0873517915311,511.09099999999995,654.072,614
2025-09-19T15:49:01.421058Z,2025-09-19T15:49:00.862293Z,2025-09-19T15:49:01.432264Z,11.206000000000001,11.9627869918699,10.697,44.065,569.971,571.0855365853661,511.09099999999995,654.072,615
2025-09-19T15:49:06.994350Z,2025-09-19T15:49:06.434314Z,2025-09-19T15:49:07.005690Z,11.34,11.961775974025954,10.697,44.065,571.376,571.0860081168834,511.09099999999995,654.072,616
2025-09-19T15:49:12.590876Z,2025-09-19T15:49:12.010249Z,2025-09-19T15:49:12.601894Z,11.018,11.960246353322509,10.697,44.065,591.645,571.1193290113456,511.09099999999995,654.072,617
2025-09-19T15:49:18.189943Z,2025-09-19T15:49:17.606299Z,2025-09-19T15:49:18.201268Z,11.325,11.959218446601923,10.697,44.065,594.9689999999999,571.1579207119744,511.09099999999995,654.072,618
2025-09-19T15:49:23.764890Z,2025-09-19T15:49:23.206300Z,2025-09-19T15:49:23.775835Z,10.945,11.957579967689805,10.697,44.065,569.535,571.155298869144,511.09099999999995,654.072,619
2025-09-19T15:49:29.388102Z,2025-09-19T15:49:28.778955Z,2025-09-19T15:49:29.399029Z,10.927,11.955917741935465,10.697,44.065,620.0740000000001,571.2342000000002,511.09099999999995,654.072,620
2025-09-19T15:49:35.024520Z,2025-09-19T15:49:34.402321Z,2025-09-19T15:49:35.035907Z,11.386999999999999,11.955001610305938,10.697,44.065,633.586,571.3346054750405,511.09099999999995,654.072,621
2025-09-19T15:49:40.603453Z,2025-09-19T15:49:40.038300Z,2025-09-19T15:49:40.614474Z,11.020999999999999,11.953499999999984,10.697,44.065,576.174,571.3423858520902,511.09099999999995,654.072,622
2025-09-19T15:49:46.216740Z,2025-09-19T15:49:45.618315Z,2025-09-19T15:49:46.228399Z,11.658999999999999,11.953027287319404,10.697,44.065,610.084,571.4045714285714,511.09099999999995,654.072,623
2025-09-19T15:49:51.804497Z,2025-09-19T15:49:51.234285Z,2025-09-19T15:49:51.815851Z,11.354,11.95206730769229,10.697,44.065,581.566,571.4208557692308,511.09099999999995,654.072,624
2025-09-19T15:49:57.359657Z,2025-09-19T15:49:56.818290Z,2025-09-19T15:49:57.370581Z,10.924,11.950422399999981,10.697,44.065,552.2909999999999,571.3902480000002,511.09099999999995,654.072,625
2025-09-19T15:50:02.923426Z,2025-09-19T15:50:02.374306Z,2025-09-19T15:50:02.934581Z,11.155,11.94915175718848,10.697,44.065,560.275,571.3724920127797,511.09099999999995,654.072,626
2025-09-19T15:50:08.517683Z,2025-09-19T15:50:07.938284Z,2025-09-19T15:50:08.548835Z,31.151999999999997,11.97977830940987,10.697,44.065,610.5509999999999,571.4349776714514,511.09099999999995,654.072,627
2025-09-19T15:50:14.119689Z,2025-09-19T15:50:13.554312Z,2025-09-19T15:50:14.130979Z,11.29,11.978679936305712,10.697,44.065,576.667,571.4433089171976,511.09099999999995,654.072,628
2025-09-19T15:50:19.710188Z,2025-09-19T15:50:19.134313Z,2025-09-19T15:50:19.721465Z,11.277000000000001,11.977564387917308,10.697,44.065,587.152,571.4682829888714,511.09099999999995,654.072,629
2025-09-19T15:50:25.269030Z,2025-09-19T15:50:24.726291Z,2025-09-19T15:50:25.280623Z,11.593,11.97695396825395,10.697,44.065,554.332,571.4410825396826,511.09099999999995,654.072,630
2025-09-19T15:50:30.853344Z,2025-09-19T15:50:30.286292Z,2025-09-19T15:50:30.864573Z,11.229,11.975768621236114,10.697,44.065,578.2810000000001,571.4519223454835,511.09099999999995,654.072,631
2025-09-19T15:50:36.422529Z,2025-09-19T15:50:35.870283Z,2025-09-19T15:50:36.433897Z,11.368,11.974806962025298,10.697,44.065,563.6139999999999,571.4395205696203,511.09099999999995,654.072,632
2025-09-19T15:50:42.030118Z,2025-09-19T15:50:41.438299Z,2025-09-19T15:50:42.040922Z,10.803999999999998,11.972957345971546,10.697,44.065,602.623,571.4887835703001,511.09099999999995,654.072,633
2025-09-19T15:50:47.600098Z,2025-09-19T15:50:47.046423Z,2025-09-19T15:50:47.611736Z,11.638,11.972429022082,10.697,44.065,565.313,571.4790425867509,511.09099999999995,654.072,634
2025-09-19T15:50:53.189507Z,2025-09-19T15:50:52.614312Z,2025-09-19T15:50:53.200754Z,11.247,11.97128661417321,10.697,44.065,586.442,571.5026062992125,511.09099999999995,654.072,635
2025-09-19T15:50:58.755462Z,2025-09-19T15:50:58.206314Z,2025-09-19T15:50:58.766516Z,11.054,11.969844339622622,10.697,44.065,560.202,571.4848380503145,511.09099999999995,654.072,636
2025-09-19T15:51:04.311486Z,2025-09-19T15:51:03.771283Z,2025-09-19T15:51:04.322463Z,10.977,11.968285714285695,10.697,44.065,551.18,571.4529623233909,511.09099999999995,654.072,637
2025-09-19T15:51:09.879244Z,2025-09-19T15:51:09.326294Z,2025-09-19T15:51:09.890098Z,10.854000000000001,11.966539184952959,10.697,44.065,563.804,571.4409733542319,511.09099999999995,654.072,638
2025-09-19T15:51:15.452001Z,2025-09-19T15:51:14.894865Z,2025-09-19T15:51:15.463333Z,11.332,11.965546165884176,10.697,44.065,568.468,571.4363208137715,511.09099999999995,654.072,639
2025-09-19T15:51:21.032519Z,2025-09-19T15:51:20.466275Z,2025-09-19T15:51:21.043950Z,11.431000000000001,11.96471093749998,10.697,44.065,577.6750000000001,571.44606875,511.09099999999995,654.072,640
2025-09-19T15:51:26.578080Z,2025-09-19T15:51:26.047994Z,2025-09-19T15:51:26.589499Z,11.419,11.963859594383756,10.697,44.065,541.505,571.3993588143526,511.09099999999995,654.072,641
2025-09-19T15:51:32.213969Z,2025-09-19T15:51:31.594296Z,2025-09-19T15:51:32.224880Z,10.911000000000001,11.962219626168206,10.697,44.065,630.5840000000001,571.4915467289719,511.09099999999995,654.072,642
2025-09-19T15:51:37.774751Z,2025-09-19T15:51:37.230293Z,2025-09-19T15:51:37.785924Z,11.173,11.960992223950214,10.697,44.065,555.631,571.4668802488335,511.09099999999995,654.072,643
2025-09-19T15:51:43.326895Z,2025-09-19T15:51:42.789040Z,2025-09-19T15:51:43.343237Z,16.342,11.967795031055882,10.697,44.065,554.197,571.4400636645962,511.09099999999995,654.072,644
2025-09-19T15:51:48.895723Z,2025-09-19T15:51:48.346312Z,2025-09-19T15:51:48.906869Z,11.145999999999999,11.966520930232539,10.697,44.065,560.557,571.4231906976744,511.09099999999995,654.072,645
2025-09-19T15:51:54.477862Z,2025-09-19T15:51:53.910251Z,2025-09-19T15:51:54.489384Z,11.521999999999998,11.965832817337443,10.697,44.065,579.133,571.4351253869969,511.09099999999995,654.072,646
2025-09-19T15:52:00.012465Z,2025-09-19T15:51:59.494300Z,2025-09-19T15:52:00.023533Z,11.068,11.964445131375562,10.697,44.065,529.233,571.3698979907264,511.09099999999995,654.072,647
2025-09-19T15:52:05.580849Z,2025-09-19T15:52:05.027690Z,2025-09-19T15:52:05.592121Z,11.272,11.963376543209858,10.697,44.065,564.431,571.3591898148148,511.09099999999995,654.072,648
2025-09-19T15:52:11.178754Z,2025-09-19T15:52:10.598058Z,2025-09-19T15:52:11.189916Z,11.162,11.962141756548517,10.697,44.065,591.858,571.3907750385208,511.09099999999995,654.072,649
2025-09-19T15:52:16.716722Z,2025-09-19T15:52:16.194303Z,2025-09-19T15:52:16.728218Z,11.495999999999999,11.961424615384598,10.697,44.065,533.9150000000001,571.3331199999999,511.09099999999995,654.072,650
2025-09-19T15:52:22.295365Z,2025-09-19T15:52:21.733057Z,2025-09-19T15:52:22.306448Z,11.083,11.960075268817187,10.697,44.065,573.391,571.3362811059908,511.09099999999995,654.072,651
2025-09-19T15:52:27.857685Z,2025-09-19T15:52:27.312436Z,2025-09-19T15:52:27.868760Z,11.075,11.958717791411026,10.697,44.065,556.3240000000001,571.3132561349693,511.09099999999995,654.072,652
2025-09-19T15:52:33.425735Z,2025-09-19T15:52:32.874297Z,2025-09-19T15:52:33.437157Z,11.422,11.957895865237349,10.697,44.065,562.86,571.3003108728943,511.09099999999995,654.072,653
2025-09-19T15:52:38.972670Z,2025-09-19T15:52:38.442769Z,2025-09-19T15:52:38.983596Z,10.926,11.956318042813438,10.697,44.065,540.827,571.2537155963302,511.09099999999995,654.072,654
2025-09-19T15:52:44.534147Z,2025-09-19T15:52:43.986309Z,2025-09-19T15:52:44.545347Z,11.2,11.955163358778607,10.697,44.065,559.038,571.2350656488549,511.09099999999995,654.072,655
2025-09-19T15:52:50.122715Z,2025-09-19T15:52:49.550878Z,2025-09-19T15:52:50.133678Z,10.963000000000001,11.953650914634128,10.697,44.065,582.8,571.2526951219512,511.09099999999995,654.072,656
2025-09-19T15:52:55.698118Z,2025-09-19T15:52:55.138295Z,2025-09-19T15:52:55.709459Z,11.341000000000001,11.952718417047167,10.697,44.065,571.164,571.2525601217657,511.09099999999995,654.072,657
2025-09-19T15:53:01.263436Z,2025-09-19T15:53:00.714308Z,2025-09-19T15:53:01.274340Z,10.904,11.951124620060773,10.697,44.065,560.0319999999999,571.2355075987841,511.09099999999995,654.072,658
2025-09-19T15:53:06.829261Z,2025-09-19T15:53:06.278329Z,2025-09-19T15:53:06.840531Z,11.270000000000001,11.950091047040953,10.697,44.065,562.202,571.2217996965098,511.09099999999995,654.072,659
2025-09-19T15:53:12.402515Z,2025-09-19T15:53:11.842520Z,2025-09-19T15:53:12.413672Z,11.157,11.948889393939375,10.697,44.065,571.152,571.221693939394,511.09099999999995,654.072,660
2025-09-19T15:53:17.971983Z,2025-09-19T15:53:17.418297Z,2025-09-19T15:53:17.983306Z,11.323,11.947942511346426,10.697,44.065,565.009,571.2122950075642,511.09099999999995,654.072,661
2025-09-19T15:53:23.563411Z,2025-09-19T15:53:22.989421Z,2025-09-19T15:53:23.574524Z,11.113,11.946681268882157,10.697,44.065,585.1030000000001,571.2332779456193,511.09099999999995,654.072,662
2025-09-19T15:53:29.127755Z,2025-09-19T15:53:28.580468Z,2025-09-19T15:53:29.138823Z,11.068,11.945355957767703,10.697,44.065,558.355,571.2138536953241,511.09099999999995,654.072,663
2025-09-19T15:53:34.712630Z,2025-09-19T15:53:34.142333Z,2025-09-19T15:53:34.724250Z,11.620000000000001,11.944865963855403,10.697,44.065,581.917,571.2299728915661,511.09099999999995,654.072,664
2025-09-19T15:53:40.294130Z,2025-09-19T15:53:39.726293Z,2025-09-19T15:53:40.305655Z,11.525,11.944234586466147,10.697,44.065,579.3620000000001,571.2422015037592,511.09099999999995,654.072,665
2025-09-19T15:53:45.880018Z,2025-09-19T15:53:45.310593Z,2025-09-19T15:53:45.891573Z,11.555,11.943650150150132,10.697,44.065,580.98,571.2568228228228,511.09099999999995,654.072,666
2025-09-19T15:53:51.452527Z,2025-09-19T15:53:50.894293Z,2025-09-19T15:53:51.463991Z,11.464,11.94293103448274,10.697,44.065,569.6980000000001,571.2544857571213,511.09099999999995,654.072,667
2025-09-19T15:53:57.039559Z,2025-09-19T15:53:56.469321Z,2025-09-19T15:53:57.050889Z,11.33,11.942013473053873,10.697,44.065,581.568,571.2699251497005,511.09099999999995,654.072,668
2025-09-19T15:54:02.556596Z,2025-09-19T15:54:02.054289Z,2025-09-19T15:54:02.567588Z,10.992,11.940593423019415,10.697,44.065,513.299,571.1832720478326,511.09099999999995,654.072,669
2025-09-19T15:54:08.136346Z,2025-09-19T15:54:07.572959Z,2025-09-19T15:54:08.147411Z,11.065,11.939286567164162,10.697,44.065,574.452,571.1881507462687,511.09099999999995,654.072,670
2025-09-19T15:54:13.699982Z,2025-09-19T15:54:13.153125Z,2025-09-19T15:54:13.711279Z,11.297,11.938329359165406,10.697,44.065,558.154,571.1687257824143,511.09099999999995,654.072,671
2025-09-19T15:54:19.277333Z,2025-09-19T15:54:18.717011Z,2025-09-19T15:54:19.288800Z,11.467,11.937627976190457,10.697,44.065,571.789,571.1696488095238,511.09099999999995,654.072,672
2025-09-19T15:54:24.818541Z,2025-09-19T15:54:24.294292Z,2025-09-19T15:54:24.829501Z,10.959999999999999,11.936175334323906,10.697,44.065,535.2090000000001,571.1162154531947,511.09099999999995,654.072,673
2025-09-19T15:54:30.409565Z,2025-09-19T15:54:29.835235Z,2025-09-19T15:54:30.420786Z,11.221,11.935114243323426,10.697,44.065,585.551,571.1376320474778,511.09099999999995,654.072,674
2025-09-19T15:54:35.984654Z,2025-09-19T15:54:35.426293Z,2025-09-19T15:54:35.995587Z,10.933,11.933629629629614,10.697,44.065,569.294,571.1349007407408,511.09099999999995,654.072,675
2025-09-19T15:54:41.558406Z,2025-09-19T15:54:40.999892Z,2025-09-19T15:54:41.569336Z,10.93,11.932144970414186,10.697,44.065,569.444,571.1323994082841,511.09099999999995,654.072,676
2025-09-19T15:54:47.121422Z,2025-09-19T15:54:46.570818Z,2025-09-19T15:54:47.132589Z,11.167,11.931014771048728,10.697,44.065,561.7710000000001,571.1185716395864,511.09099999999995,654.072,677
2025-09-19T15:54:52.686359Z,2025-09-19T15:54:52.134340Z,2025-09-19T15:54:52.697962Z,11.603,11.930530973451312,10.697,44.065,563.622,571.1075147492626,511.09099999999995,654.072,678
2025-09-19T15:54:58.252471Z,2025-09-19T15:54:57.702970Z,2025-09-19T15:54:58.263944Z,11.473,11.929857142857125,10.697,44.065,560.9739999999999,571.0925905743741,511.09099999999995,654.072,679
2025-09-19T15:55:03.778556Z,2025-09-19T15:55:03.265962Z,2025-09-19T15:55:03.789738Z,11.181999999999999,11.928757352941158,10.697,44.065,523.7760000000001,571.0230073529412,511.09099999999995,654.072,680
2025-09-19T15:55:09.341061Z,2025-09-19T15:55:08.794297Z,2025-09-19T15:55:09.352153Z,11.091999999999999,11.927528634361217,10.697,44.065,557.856,571.0036725403819,511.09099999999995,654.072,681
2025-09-19T15:55:14.890501Z,2025-09-19T15:55:14.354287Z,2025-09-19T15:55:14.901770Z,11.269,11.926563049853355,10.697,44.065,547.4830000000001,570.9691847507332,511.09099999999995,654.072,682
2025-09-19T15:55:20.474170Z,2025-09-19T15:55:19.906310Z,2025-09-19T15:55:20.485293Z,11.123,11.925386530014624,10.697,44.065,578.9830000000001,570.9809180087848,511.09099999999995,654.072,683
2025-09-19T15:55:26.010138Z,2025-09-19T15:55:25.490267Z,2025-09-19T15:55:26.021216Z,11.078,11.924147660818695,10.697,44.065,530.949,570.9223918128656,511.09099999999995,654.072,684
2025-09-19T15:55:31.585282Z,2025-09-19T15:55:31.026325Z,2025-09-19T15:55:31.596420Z,11.138,11.922999999999982,10.697,44.065,570.095,570.9211839416059,511.09099999999995,654.072,685
2025-09-19T15:55:37.114914Z,2025-09-19T15:55:36.602300Z,2025-09-19T15:55:37.125823Z,10.909,11.921521865889197,10.697,44.065,523.5229999999999,570.8520903790088,511.09099999999995,654.072,686
2025-09-19T15:55:42.699715Z,2025-09-19T15:55:42.130291Z,2025-09-19T15:55:42.710770Z,11.055,11.920260553129532,10.697,44.065,580.4789999999999,570.8661033478894,511.09099999999995,654.072,687
2025-09-19T15:55:48.280139Z,2025-09-19T15:55:47.714299Z,2025-09-19T15:55:48.291075Z,10.936,11.918829941860448,10.697,44.065,576.776,570.8746933139536,511.09099999999995,654.072,688
2025-09-19T15:55:53.854146Z,2025-09-19T15:55:53.294344Z,2025-09-19T15:55:53.864972Z,10.826,11.917243831640041,10.697,44.065,570.628,570.8743352685052,511.09099999999995,654.072,689
2025-09-19T15:55:59.435834Z,2025-09-19T15:55:58.870308Z,2025-09-19T15:55:59.446735Z,10.901,11.915771014492737,10.697,44.065,576.427,570.8823826086958,511.09099999999995,654.072,690
2025-09-19T15:56:05.016909Z,2025-09-19T15:56:04.450293Z,2025-09-19T15:56:05.028270Z,11.360999999999999,11.914968162083921,10.697,44.065,577.977,570.8926497829234,511.09099999999995,654.072,691
2025-09-19T15:56:10.586170Z,2025-09-19T15:56:10.034298Z,2025-09-19T15:56:10.597501Z,11.331000000000001,11.914124277456633,10.697,44.065,563.203,570.8815375722545,511.09099999999995,654.072,692
2025-09-19T15:56:16.144876Z,2025-09-19T15:56:15.603392Z,2025-09-19T15:56:16.155949Z,11.073,11.91291053391052,10.697,44.065,552.557,570.8550952380953,511.09099999999995,654.072,693
2025-09-19T15:56:21.719306Z,2025-09-19T15:56:21.158318Z,2025-09-19T15:56:21.730420Z,11.114,11.91175936599422,10.697,44.065,572.102,570.8568919308358,511.09099999999995,654.072,694
2025-09-19T15:56:27.354171Z,2025-09-19T15:56:26.734321Z,2025-09-19T15:56:27.365116Z,10.945,11.910368345323723,10.697,44.065,630.795,570.9431338129496,511.09099999999995,654.072,695
2025-09-19T15:56:32.946552Z,2025-09-19T15:56:32.370302Z,2025-09-19T15:56:32.957741Z,11.189,11.909331896551707,10.697,44.065,587.4390000000001,570.966834770115,511.09099999999995,654.072,696
2025-09-19T15:56:38.525135Z,2025-09-19T15:56:37.962294Z,2025-09-19T15:56:38.536641Z,11.506,11.9087532281205,10.697,44.065,574.3470000000001,570.9716843615496,511.09099999999995,654.072,697
2025-09-19T15:56:44.103005Z,2025-09-19T15:56:43.542809Z,2025-09-19T15:56:44.114346Z,11.341000000000001,11.907939828080213,10.697,44.065,571.5369999999999,570.9724942693409,511.09099999999995,654.072,698
2025-09-19T15:56:49.670053Z,2025-09-19T15:56:49.118293Z,2025-09-19T15:56:49.681424Z,11.370999999999999,11.907171673819727,10.697,44.065,563.1310000000001,570.9612761087267,511.09099999999995,654.072,699
2025-09-19T15:56:55.263523Z,2025-09-19T15:56:54.686294Z,2025-09-19T15:56:55.274218Z,10.695,11.905439999999984,10.695,44.065,587.924,570.9855085714285,511.09099999999995,654.072,700
2025-09-19T15:57:00.801305Z,2025-09-19T15:57:00.278332Z,2025-09-19T15:57:00.812439Z,11.134,11.904339514978586,10.695,44.065,534.107,570.9329001426534,511.09099999999995,654.072,701
2025-09-19T15:57:06.370004Z,2025-09-19T15:57:05.814294Z,2025-09-19T15:57:06.381378Z,11.374,11.90358404558403,10.695,44.065,567.0840000000001,570.9274173789174,511.09099999999995,654.072,702
2025-09-19T15:57:11.944126Z,2025-09-19T15:57:11.386254Z,2025-09-19T15:57:11.955072Z,10.946,11.90222190611663,10.695,44.065,568.8180000000001,570.9244167852062,511.09099999999995,654.072,703
2025-09-19T15:57:17.510861Z,2025-09-19T15:57:16.960571Z,2025-09-19T15:57:17.522174Z,11.313,11.901384943181803,10.695,44.065,561.603,570.9111761363637,511.09099999999995,654.072,704
2025-09-19T15:57:23.163744Z,2025-09-19T15:57:22.527943Z,2025-09-19T15:57:23.174897Z,11.153,11.900323404255303,10.695,44.065,646.9540000000001,571.0190382978724,511.09099999999995,654.072,705
2025-09-19T15:57:28.726581Z,2025-09-19T15:57:28.178285Z,2025-09-19T15:57:28.737352Z,10.770999999999999,11.89872379603398,10.695,44.065,559.067,571.0021090651558,511.09099999999995,654.072,706
2025-09-19T15:57:34.304980Z,2025-09-19T15:57:33.742294Z,2025-09-19T15:57:34.316385Z,11.405,11.89802545968881,10.695,44.065,574.091,571.0064780763792,511.09099999999995,654.072,707
2025-09-19T15:57:39.837057Z,2025-09-19T15:57:39.322287Z,2025-09-19T15:57:39.847682Z,10.625,11.896227401129927,10.625,44.065,525.395,570.9420550847458,511.09099999999995,654.072,708
2025-09-19T15:57:45.414649Z,2025-09-19T15:57:44.850293Z,2025-09-19T15:57:45.425955Z,11.306000000000001,11.895394922425934,10.625,44.065,575.662,570.948712270804,511.09099999999995,654.072,709
2025-09-19T15:57:50.936201Z,2025-09-19T15:57:50.430423Z,2025-09-19T15:57:50.947158Z,10.956999999999999,11.894073239436603,10.625,44.065,516.735,570.8723549295776,511.09099999999995,654.072,710
2025-09-19T15:57:56.522197Z,2025-09-19T15:57:55.950286Z,2025-09-19T15:57:56.533258Z,11.061,11.892901547116718,10.625,44.065,582.9720000000001,570.8893727144867,511.09099999999995,654.072,711
2025-09-19T15:58:02.092620Z,2025-09-19T15:58:01.538299Z,2025-09-19T15:58:02.103216Z,10.596,11.891080056179756,10.596,44.065,564.917,570.8809845505618,511.09099999999995,654.072,712
2025-09-19T15:58:07.675689Z,2025-09-19T15:58:07.108511Z,2025-09-19T15:58:07.686794Z,11.105,11.889977559607274,10.596,44.065,578.283,570.891366058906,511.09099999999995,654.072,713
2025-09-19T15:58:13.256127Z,2025-09-19T15:58:12.692019Z,2025-09-19T15:58:13.267044Z,10.917,11.888614845938356,10.596,44.065,575.025,570.8971554621849,511.09099999999995,654.072,714
2025-09-19T15:58:18.814554Z,2025-09-19T15:58:18.270298Z,2025-09-19T15:58:18.825875Z,11.321,11.88782097902096,10.596,44.065,555.577,570.8757286713287,511.09099999999995,654.072,715
2025-09-19T15:58:24.372189Z,2025-09-19T15:58:23.830295Z,2025-09-19T15:58:24.383209Z,11.02,11.886608938547468,10.596,44.065,552.914,570.8506424581005,511.09099999999995,654.072,716
2025-09-19T15:58:29.958970Z,2025-09-19T15:58:29.386311Z,2025-09-19T15:58:29.969510Z,10.540000000000001,11.884730822873067,10.540000000000001,44.065,583.1990000000001,570.8678647140864,511.09099999999995,654.072,717
2025-09-19T15:58:35.515837Z,2025-09-19T15:58:34.974864Z,2025-09-19T15:58:35.526920Z,11.083,11.883614206128115,10.540000000000001,44.065,552.056,570.8416643454038,511.09099999999995,654.072,718
2025-09-19T15:58:41.089204Z,2025-09-19T15:58:40.532985Z,2025-09-19T15:58:41.100498Z,11.294,11.882794158553528,10.540000000000001,44.065,567.513,570.8370347705146,511.09099999999995,654.072,719
2025-09-19T15:58:46.679824Z,2025-09-19T15:58:46.102291Z,2025-09-19T15:58:46.691004Z,11.180000000000001,11.881818055555536,10.540000000000001,44.065,588.7130000000001,570.8618624999999,511.09099999999995,654.072,720
2025-09-19T15:58:52.262551Z,2025-09-19T15:58:51.694341Z,2025-09-19T15:58:52.273725Z,11.174,11.880836338418844,10.540000000000001,44.065,579.384,570.8736823855755,511.09099999999995,654.072,721
2025-09-19T15:58:57.835856Z,2025-09-19T15:58:57.278290Z,2025-09-19T15:58:57.847161Z,11.305000000000001,11.880038781163416,10.540000000000001,44.065,568.871,570.8709085872576,511.09099999999995,654.072,722
2025-09-19T15:59:03.391807Z,2025-09-19T15:59:02.851514Z,2025-09-19T15:59:03.402912Z,11.105,11.878966804979235,10.540000000000001,44.065,551.398,570.8439751037345,511.09099999999995,654.072,723
2025-09-19T15:59:08.913477Z,2025-09-19T15:59:08.407513Z,2025-09-19T15:59:08.924653Z,11.176,11.877995856353575,10.540000000000001,44.065,517.1400000000001,570.7697983425414,511.09099999999995,654.072,724
2025-09-19T15:59:14.494838Z,2025-09-19T15:59:13.930301Z,2025-09-19T15:59:14.506048Z,11.209999999999999,11.877074482758603,10.540000000000001,44.065,575.747,570.7766634482758,511.09099999999995,654.072,725
2025-09-19T15:59:20.068533Z,2025-09-19T15:59:19.510307Z,2025-09-19T15:59:20.079832Z,11.299,11.876278236914583,10.540000000000001,44.065,569.525,570.7749393939393,511.09099999999995,654.072,726
2025-09-19T15:59:25.620353Z,2025-09-19T15:59:25.082294Z,2025-09-19T15:59:25.631749Z,11.395999999999999,11.875617606602457,10.540000000000001,44.065,549.455,570.745613480055,511.09099999999995,654.072,727
2025-09-19T15:59:31.185167Z,2025-09-19T15:59:30.634289Z,2025-09-19T15:59:31.195854Z,10.687000000000001,11.873984890109874,10.540000000000001,44.065,561.5649999999999,570.7330027472527,511.09099999999995,654.072,728
2025-09-19T15:59:36.756810Z,2025-09-19T15:59:36.198271Z,2025-09-19T15:59:36.768408Z,11.598,11.8736063100137,10.540000000000001,44.065,570.1370000000001,570.7321851851851,511.09099999999995,654.072,729
2025-09-19T15:59:42.355187Z,2025-09-19T15:59:41.774286Z,2025-09-19T15:59:42.366304Z,11.117,11.87256986301368,10.540000000000001,44.065,592.018,570.7613438356163,511.09099999999995,654.072,730
2025-09-19T15:59:47.957255Z,2025-09-19T15:59:47.370322Z,2025-09-19T15:59:47.968741Z,11.485999999999999,11.872041039671664,10.540000000000001,44.065,598.419,570.7991792065662,511.09099999999995,654.072,731
2025-09-19T15:59:53.548594Z,2025-09-19T15:59:52.974300Z,2025-09-19T15:59:53.559154Z,10.56,11.870248633879765,10.540000000000001,44.065,584.854,570.8183797814207,511.09099999999995,654.072,732
2025-09-19T15:59:59.118384Z,2025-09-19T15:59:58.562293Z,2025-09-19T15:59:59.129615Z,11.231,11.869376534788524,10.540000000000001,44.065,567.322,570.8136098226465,511.09099999999995,654.072,733
2025-09-19T16:00:04.715039Z,2025-09-19T16:00:04.135481Z,2025-09-19T16:00:04.726166Z,11.126999999999999,11.868365122615788,10.540000000000001,44.065,590.6850000000001,570.8406825613079,511.09099999999995,654.072,734
2025-09-19T16:00:10.349161Z,2025-09-19T16:00:09.731848Z,2025-09-19T16:00:10.360429Z,11.268,11.86754829931971,10.540000000000001,44.065,628.5809999999999,570.9192408163264,511.09099999999995,654.072,735
2025-09-19T16:00:15.876946Z,2025-09-19T16:00:15.366282Z,2025-09-19T16:00:15.887981Z,11.035,11.866417119565199,10.540000000000001,44.065,521.6990000000001,570.8523654891303,511.09099999999995,654.072,736
2025-09-19T16:00:21.456560Z,2025-09-19T16:00:20.892646Z,2025-09-19T16:00:21.467345Z,10.785,11.864949796472168,10.540000000000001,44.065,574.699,570.8575848032564,511.09099999999995,654.072,737
2025-09-19T16:00:27.029100Z,2025-09-19T16:00:26.470418Z,2025-09-19T16:00:27.040392Z,11.292,11.8641734417344,10.540000000000001,44.065,569.9739999999999,570.8563875338752,511.09099999999995,654.072,738
2025-09-19T16:00:32.613488Z,2025-09-19T16:00:32.046427Z,2025-09-19T16:00:32.624774Z,11.286,11.86339106901216,10.540000000000001,44.065,578.3470000000001,570.8665236806495,511.09099999999995,654.072,739
2025-09-19T16:00:38.197197Z,2025-09-19T16:00:37.630297Z,2025-09-19T16:00:38.208050Z,10.853,11.862025675675657,10.540000000000001,44.065,577.7529999999999,570.8758297297296,511.09099999999995,654.072,740
2025-09-19T16:00:43.763583Z,2025-09-19T16:00:43.210298Z,2025-09-19T16:00:43.774493Z,10.91,11.86074089068824,10.540000000000001,44.065,564.195,570.866813765182,511.09099999999995,654.072,741
2025-09-19T16:00:49.299870Z,2025-09-19T16:00:48.780336Z,2025-09-19T16:00:49.310889Z,11.019,11.859606469002674,10.540000000000001,44.065,530.553,570.8124824797842,511.09099999999995,654.072,742
2025-09-19T16:00:54.862894Z,2025-09-19T16:00:54.314298Z,2025-09-19T16:00:54.874405Z,11.511000000000001,11.85913728129204,10.540000000000001,44.065,560.107,570.798074024226,511.09099999999995,654.072,743
2025-09-19T16:01:00.437630Z,2025-09-19T16:00:59.878290Z,2025-09-19T16:01:00.448502Z,10.872,11.85781048387095,10.540000000000001,44.065,570.2120000000001,570.7972862903225,511.09099999999995,654.072,744
2025-09-19T16:01:06.003531Z,2025-09-19T16:01:05.450300Z,2025-09-19T16:01:06.014696Z,11.165,11.856880536912735,10.540000000000001,44.065,564.396,570.7886939597314,511.09099999999995,654.072,745
2025-09-19T16:01:11.593672Z,2025-09-19T16:01:11.018281Z,2025-09-19T16:01:11.604819Z,11.147,11.855928954423575,10.540000000000001,44.065,586.538,570.8098056300267,511.09099999999995,654.072,746
2025-09-19T16:01:17.175037Z,2025-09-19T16:01:16.610272Z,2025-09-19T16:01:17.185999Z,10.962,11.854732262382846,10.540000000000001,44.065,575.727,570.8163882195447,511.09099999999995,654.072,747
2025-09-19T16:01:22.744766Z,2025-09-19T16:01:22.190288Z,2025-09-19T16:01:22.755922Z,11.155999999999999,11.853798128342227,10.540000000000001,44.065,565.634,570.809459893048,511.09099999999995,654.072,748
2025-09-19T16:01:28.325460Z,2025-09-19T16:01:27.758271Z,2025-09-19T16:01:28.337093Z,11.633,11.85350333778369,10.540000000000001,44.065,578.822,570.8201575433911,511.09099999999995,654.072,749
2025-09-19T16:01:33.913663Z,2025-09-19T16:01:33.342314Z,2025-09-19T16:01:33.924852Z,11.189,11.852617333333313,10.540000000000001,44.065,582.538,570.8357813333332,511.09099999999995,654.072,750
2025-09-19T16:01:39.497662Z,2025-09-19T16:01:38.930397Z,2025-09-19T16:01:39.508994Z,11.332,11.851924101198382,10.540000000000001,44.065,578.597,570.8461158455391,511.09099999999995,654.072,751
2025-09-19T16:01:45.079410Z,2025-09-19T16:01:44.514350Z,2025-09-19T16:01:45.090614Z,11.204,11.851062499999978,10.540000000000001,44.065,576.264,570.8533204787233,511.09099999999995,654.072,752
2025-09-19T16:01:50.655165Z,2025-09-19T16:01:50.096025Z,2025-09-19T16:01:50.666303Z,11.138,11.850115537848584,10.540000000000001,44.065,570.2779999999999,570.8525564409028,511.09099999999995,654.072,753
2025-09-19T16:01:56.237772Z,2025-09-19T16:01:55.670308Z,2025-09-19T16:01:56.248809Z,11.037,11.849037135278495,10.540000000000001,44.065,578.5010000000001,570.8627002652519,511.09099999999995,654.072,754
2025-09-19T16:02:01.818872Z,2025-09-19T16:02:01.254308Z,2025-09-19T16:02:01.829824Z,10.952,11.847849006622495,10.540000000000001,44.065,575.5160000000001,570.8688635761588,511.09099999999995,654.072,755
2025-09-19T16:02:07.401859Z,2025-09-19T16:02:06.834294Z,2025-09-19T16:02:07.413281Z,11.422,11.847285714285691,10.540000000000001,44.065,578.9870000000001,570.8796018518517,511.09099999999995,654.072,756
2025-09-19T16:02:12.987058Z,2025-09-19T16:02:12.418299Z,2025-09-19T16:02:12.998090Z,11.032,11.846208718626135,10.540000000000001,44.065,579.7909999999999,570.8913738441214,511.09099999999995,654.072,757
2025-09-19T16:02:18.559114Z,2025-09-19T16:02:18.002306Z,2025-09-19T16:02:18.570139Z,11.025,11.845125329815282,10.540000000000001,44.065,567.8330000000001,570.8873390501318,511.09099999999995,654.072,758
2025-09-19T16:02:24.098892Z,2025-09-19T16:02:23.574292Z,2025-09-19T16:02:24.110092Z,11.2,11.84427536231882,10.540000000000001,44.065,535.8000000000001,570.8411106719366,511.09099999999995,654.072,759
2025-09-19T16:02:29.654292Z,2025-09-19T16:02:29.114917Z,2025-09-19T16:02:29.665783Z,11.491,11.84381052631577,10.540000000000001,44.065,550.866,570.8148276315787,511.09099999999995,654.072,760
2025-09-19T16:02:35.229614Z,2025-09-19T16:02:34.670321Z,2025-09-19T16:02:35.240703Z,11.089,11.842818659658324,10.540000000000001,44.065,570.382,570.8142588699078,511.09099999999995,654.072,761
2025-09-19T16:02:40.809314Z,2025-09-19T16:02:40.246431Z,2025-09-19T16:02:40.820309Z,10.995,11.841706036745386,10.540000000000001,44.065,573.878,570.8182795275588,511.09099999999995,654.072,762
2025-09-19T16:02:46.386514Z,2025-09-19T16:02:45.825721Z,2025-09-19T16:02:46.397308Z,10.794,11.840332896461318,10.540000000000001,44.065,571.587,570.8192870249014,511.09099999999995,654.072,763
2025-09-19T16:02:51.945513Z,2025-09-19T16:02:51.402821Z,2025-09-19T16:02:51.956993Z,11.48,11.839861256544483,10.540000000000001,44.065,554.172,570.7974973821988,511.09099999999995,654.072,764
2025-09-19T16:02:57.516820Z,2025-09-19T16:02:56.962305Z,2025-09-19T16:02:57.528215Z,11.395000000000001,11.839279738562071,10.540000000000001,44.065,565.91,570.7911084967318,511.09099999999995,654.072,765
2025-09-19T16:03:03.065127Z,2025-09-19T16:03:02.534300Z,2025-09-19T16:03:03.076335Z,11.207999999999998,11.838455613577004,10.540000000000001,44.065,542.0350000000001,570.7535678851173,511.09099999999995,654.072,766
2025-09-19T16:03:08.639705Z,2025-09-19T16:03:08.078290Z,2025-09-19T16:03:08.650916Z,11.211,11.837637548891765,10.540000000000001,44.065,572.626,570.7560091264666,511.09099999999995,654.072,767
2025-09-19T16:03:14.227505Z,2025-09-19T16:03:13.654291Z,2025-09-19T16:03:14.238954Z,11.449000000000002,11.837131510416647,10.540000000000001,44.065,584.663,570.7741171874997,511.09099999999995,654.072,768
2025-09-19T16:03:19.767279Z,2025-09-19T16:03:19.244470Z,2025-09-19T16:03:19.778783Z,11.504,11.836698309492828,10.540000000000001,44.065,534.313,570.7267035110531,511.09099999999995,654.072,769
2025-09-19T16:03:25.348666Z,2025-09-19T16:03:24.782508Z,2025-09-19T16:03:25.359417Z,10.751,11.835288311688295,10.540000000000001,44.065,576.909,570.7347324675322,511.09099999999995,654.072,770
2025-09-19T16:03:30.925021Z,2025-09-19T16:03:30.365275Z,2025-09-19T16:03:30.936401Z,11.379999999999999,11.83469779507132,10.540000000000001,44.065,571.126,570.735239948119,511.09099999999995,654.072,771
2025-09-19T16:03:36.517905Z,2025-09-19T16:03:35.942320Z,2025-09-19T16:03:36.528596Z,10.691,11.833216321243507,10.540000000000001,44.065,586.2760000000001,570.755370466321,511.09099999999995,654.072,772
2025-09-19T16:03:42.081387Z,2025-09-19T16:03:41.534292Z,2025-09-19T16:03:42.092608Z,11.221,11.832424320827926,10.540000000000001,44.065,558.316,570.7392781371278,511.09099999999995,654.072,773
2025-09-19T16:03:47.681111Z,2025-09-19T16:03:47.098301Z,2025-09-19T16:03:47.692449Z,11.338000000000001,11.831785529715747,10.540000000000001,44.065,594.148,570.769521963824,511.09099999999995,654.072,774
2025-09-19T16:03:53.262823Z,2025-09-19T16:03:52.698272Z,2025-09-19T16:03:53.273625Z,10.802000000000001,11.830456774193532,10.540000000000001,44.065,575.353,570.7754361290321,511.09099999999995,654.072,775
2025-09-19T16:03:58.828350Z,2025-09-19T16:03:58.278291Z,2025-09-19T16:03:58.839711Z,11.360999999999999,11.829851804123697,10.540000000000001,44.065,561.4200000000001,570.7633801546389,511.09099999999995,654.072,776
2025-09-19T16:04:04.393612Z,2025-09-19T16:04:03.842820Z,2025-09-19T16:04:04.404835Z,11.223,11.829070785070769,10.540000000000001,44.065,562.015,570.7521209781206,511.09099999999995,654.072,777
2025-09-19T16:04:09.993027Z,2025-09-19T16:04:09.410300Z,2025-09-19T16:04:10.004465Z,11.438,11.8285681233933,10.540000000000001,44.065,594.1650000000001,570.782214652956,511.09099999999995,654.072,778
2025-09-19T16:04:15.569955Z,2025-09-19T16:04:15.009878Z,2025-09-19T16:04:15.581204Z,11.249,11.827824133504476,10.540000000000001,44.065,571.326,570.7829127086005,511.09099999999995,654.072,779
2025-09-19T16:04:21.204083Z,2025-09-19T16:04:20.586309Z,2025-09-19T16:04:21.215396Z,11.313,11.827164102564085,10.540000000000001,44.065,629.087,570.8576615384613,511.09099999999995,654.072,780
2025-09-19T16:04:26.795142Z,2025-09-19T16:04:26.218268Z,2025-09-19T16:04:26.806421Z,11.279000000000002,11.826462227912915,10.540000000000001,44.065,588.153,570.8798066581303,511.09099999999995,654.072,781
2025-09-19T16:04:32.422663Z,2025-09-19T16:04:31.810288Z,2025-09-19T16:04:32.433744Z,11.081000000000001,11.825508951406634,10.540000000000001,44.065,623.456,570.9470396419433,511.09099999999995,654.072,782
2025-09-19T16:04:37.983877Z,2025-09-19T16:04:37.438295Z,2025-09-19T16:04:37.994728Z,10.850999999999999,11.824264367816077,10.540000000000001,44.065,556.433,570.9285031928478,511.09099999999995,654.072,783
2025-09-19T16:04:43.567599Z,2025-09-19T16:04:43.000026Z,2025-09-19T16:04:43.578217Z,10.618,11.822725765306107,10.540000000000001,44.065,578.191,570.9377665816323,511.09099999999995,654.072,784
2025-09-19T16:04:49.098224Z,2025-09-19T16:04:48.583135Z,2025-09-19T16:04:49.109206Z,10.982000000000001,11.821654777070048,10.540000000000001,44.065,526.0709999999999,570.8806114649678,511.09099999999995,654.072,785
2025-09-19T16:04:54.703017Z,2025-09-19T16:04:54.114287Z,2025-09-19T16:04:54.713918Z,10.901,11.820483460559782,10.540000000000001,44.065,599.631,570.9171895674298,511.09099999999995,654.072,786
2025-09-19T16:05:00.278231Z,2025-09-19T16:04:59.718318Z,2025-09-19T16:05:00.290074Z,11.843,11.820512071156275,10.540000000000001,44.065,571.7560000000001,570.9182554002538,511.09099999999995,654.072,787
2025-09-19T16:05:05.865845Z,2025-09-19T16:05:05.295474Z,2025-09-19T16:05:05.876820Z,10.975,11.819439086294404,10.540000000000001,44.065,581.346,570.9314885786799,511.09099999999995,654.072,788
2025-09-19T16:05:11.409164Z,2025-09-19T16:05:10.882270Z,2025-09-19T16:05:11.419652Z,10.488000000000001,11.81775158428389,10.488000000000001,44.065,537.3820000000001,570.8889670468944,511.09099999999995,654.072,789
2025-09-19T16:05:16.937885Z,2025-09-19T16:05:16.424339Z,2025-09-19T16:05:16.948722Z,10.837,11.816510126582266,10.488000000000001,44.065,524.383,570.8300987341769,511.09099999999995,654.072,790
2025-09-19T16:05:22.515113Z,2025-09-19T16:05:21.954296Z,2025-09-19T16:05:22.525817Z,10.704,11.815103666245246,10.488000000000001,44.065,571.521,570.8309721871046,511.09099999999995,654.072,791
2025-09-19T16:05:28.105954Z,2025-09-19T16:05:27.530338Z,2025-09-19T16:05:28.116538Z,10.584,11.81354924242423,10.488000000000001,44.065,586.2,570.8503775252523,511.09099999999995,654.072,792
2025-09-19T16:05:33.685630Z,2025-09-19T16:05:33.122408Z,2025-09-19T16:05:33.696942Z,11.312,11.812916771752825,10.488000000000001,44.065,574.534,570.8550226986125,511.09099999999995,654.072,793
2025-09-19T16:05:39.247410Z,2025-09-19T16:05:38.702588Z,2025-09-19T16:05:39.258202Z,10.792,11.811630982367745,10.488000000000001,44.065,555.614,570.8358274559191,511.09099999999995,654.072,794
2025-09-19T16:05:44.833675Z,2025-09-19T16:05:44.262384Z,2025-09-19T16:05:44.844510Z,10.834999999999999,11.810402515723258,10.488000000000001,44.065,582.126,570.8500289308174,511.09099999999995,654.072,795
2025-09-19T16:05:50.356154Z,2025-09-19T16:05:49.850297Z,2025-09-19T16:05:50.367271Z,11.117,11.809531407035166,10.488000000000001,44.065,516.974,570.7823454773867,511.09099999999995,654.072,796
2025-09-19T16:05:55.920538Z,2025-09-19T16:05:55.372433Z,2025-09-19T16:05:55.931582Z,11.044,11.808570890840642,10.488000000000001,44.065,559.149,570.7677490589708,511.09099999999995,654.072,797
2025-09-19T16:06:01.473355Z,2025-09-19T16:06:00.934293Z,2025-09-19T16:06:01.484663Z,11.308,11.807943609022546,10.488000000000001,44.065,550.37,570.7421879699244,511.09099999999995,654.072,798
2025-09-19T16:06:07.048514Z,2025-09-19T16:06:06.485585Z,2025-09-19T16:06:07.059834Z,11.32,11.807332916145171,10.488000000000001,44.065,574.249,570.7465769712138,511.09099999999995,654.072,799
2025-09-19T16:06:12.621574Z,2025-09-19T16:06:12.062302Z,2025-09-19T16:06:12.632813Z,11.239,11.806622499999989,10.488000000000001,44.065,570.511,570.7462824999997,511.09099999999995,654.072,800
2025-09-19T16:06:18.194567Z,2025-09-19T16:06:17.637309Z,2025-09-19T16:06:18.205515Z,10.947999999999999,11.805550561797741,10.488000000000001,44.065,568.206,570.7431111111109,511.09099999999995,654.072,801
2025-09-19T16:06:23.759813Z,2025-09-19T16:06:23.211406Z,2025-09-19T16:06:23.770854Z,11.041,11.804597256857846,10.488000000000001,44.065,559.448,570.7290274314212,511.09099999999995,654.072,802
2025-09-19T16:06:29.313743Z,2025-09-19T16:06:28.774296Z,2025-09-19T16:06:29.324978Z,11.235,11.803887920298868,10.488000000000001,44.065,550.682,570.7040622665003,511.09099999999995,654.072,803
2025-09-19T16:06:34.893288Z,2025-09-19T16:06:34.330304Z,2025-09-19T16:06:34.904387Z,11.099,11.803011194029839,10.488000000000001,44.065,574.083,570.7082649253728,511.09099999999995,654.072,804
2025-09-19T16:06:40.464193Z,2025-09-19T16:06:39.907678Z,2025-09-19T16:06:40.475090Z,10.897,11.801885714285703,10.488000000000001,44.065,567.412,570.704170186335,511.09099999999995,654.072,805
2025-09-19T16:06:46.001538Z,2025-09-19T16:06:45.478702Z,2025-09-19T16:06:46.012701Z,11.162999999999998,11.80109305210917,10.488000000000001,44.065,533.999,570.6586302729525,511.09099999999995,654.072,806
2025-09-19T16:06:51.561989Z,2025-09-19T16:06:51.018292Z,2025-09-19T16:06:51.572918Z,10.929,11.80001239157372,10.488000000000001,44.065,554.626,570.6387633209413,511.09099999999995,654.072,807
2025-09-19T16:06:57.134523Z,2025-09-19T16:06:56.578293Z,2025-09-19T16:06:57.145351Z,10.828000000000001,11.798809405940583,10.488000000000001,44.065,567.058,570.6343316831679,511.09099999999995,654.072,808
2025-09-19T16:07:02.722346Z,2025-09-19T16:07:02.150295Z,2025-09-19T16:07:02.733290Z,10.944,11.797752781211361,10.488000000000001,44.065,582.995,570.6496106304074,511.09099999999995,654.072,809
2025-09-19T16:07:08.299844Z,2025-09-19T16:07:07.738297Z,2025-09-19T16:07:08.310931Z,11.087,11.796875308641965,10.488000000000001,44.065,572.634,570.6520604938266,511.09099999999995,654.072,810
2025-09-19T16:07:13.877298Z,2025-09-19T16:07:13.314315Z,2025-09-19T16:07:13.888516Z,11.218,11.796161528976562,10.488000000000001,44.065,574.2009999999999,570.65643649815,511.09099999999995,654.072,811
2025-09-19T16:07:19.454912Z,2025-09-19T16:07:18.894315Z,2025-09-19T16:07:19.465923Z,11.011,11.795194581280777,10.488000000000001,44.065,571.6080000000001,570.6576083743838,511.09099999999995,654.072,812
2025-09-19T16:07:25.022856Z,2025-09-19T16:07:24.470303Z,2025-09-19T16:07:25.033907Z,11.051,11.794279212792118,10.488000000000001,44.065,563.604,570.6489323493231,511.09099999999995,654.072,813
2025-09-19T16:07:30.581582Z,2025-09-19T16:07:30.038290Z,2025-09-19T16:07:30.592732Z,11.15,11.793487714987705,10.488000000000001,44.065,554.442,570.6290221130217,511.09099999999995,654.072,814
2025-09-19T16:07:36.150182Z,2025-09-19T16:07:35.598295Z,2025-09-19T16:07:36.161273Z,11.091,11.792625766871156,10.488000000000001,44.065,562.978,570.6196343558279,511.09099999999995,654.072,815
2025-09-19T16:07:41.713769Z,2025-09-19T16:07:41.166322Z,2025-09-19T16:07:41.725250Z,11.481,11.79224387254901,10.488000000000001,44.065,558.928,570.6053063725486,511.09099999999995,654.072,816
2025-09-19T16:07:47.277682Z,2025-09-19T16:07:46.730285Z,2025-09-19T16:07:47.288765Z,11.083,11.79137576499387,10.488000000000001,44.065,558.48,570.5904651162787,511.09099999999995,654.072,817
2025-09-19T16:07:52.865396Z,2025-09-19T16:07:52.294294Z,2025-09-19T16:07:52.876630Z,11.234,11.790694376528107,10.488000000000001,44.065,582.336,570.6048239608798,511.09099999999995,654.072,818
2025-09-19T16:07:58.425022Z,2025-09-19T16:07:57.882290Z,2025-09-19T16:07:58.436107Z,11.084999999999999,11.789832722832712,10.488000000000001,44.065,553.817,570.5843260073256,511.09099999999995,654.072,819
2025-09-19T16:08:04.005829Z,2025-09-19T16:08:03.438344Z,2025-09-19T16:08:04.016399Z,10.57,11.788345121951208,10.488000000000001,44.065,578.055,570.5934365853653,511.09099999999995,654.072,820
2025-09-19T16:08:09.553812Z,2025-09-19T16:08:09.018296Z,2025-09-19T16:08:09.565119Z,11.306999999999999,11.787758830694264,10.488000000000001,44.065,546.823,570.5644835566378,511.09099999999995,654.072,821
2025-09-19T16:08:15.131695Z,2025-09-19T16:08:14.570299Z,2025-09-19T16:08:15.143105Z,11.41,11.78729927007298,10.488000000000001,44.065,572.806,570.5672104622867,511.09099999999995,654.072,822
2025-09-19T16:08:20.712033Z,2025-09-19T16:08:20.146483Z,2025-09-19T16:08:20.723101Z,11.068,11.786425273390023,10.488000000000001,44.065,576.6179999999999,570.5745625759412,511.09099999999995,654.072,823
2025-09-19T16:08:26.263899Z,2025-09-19T16:08:25.726323Z,2025-09-19T16:08:26.274868Z,10.969,11.785433252427172,10.488000000000001,44.065,548.545,570.5478276699024,511.09099999999995,654.072,824
2025-09-19T16:08:31.836515Z,2025-09-19T16:08:31.278298Z,2025-09-19T16:08:31.847749Z,11.234,11.784764848484835,10.488000000000001,44.065,569.451,570.5464981818177,511.09099999999995,654.072,825
2025-09-19T16:08:37.431212Z,2025-09-19T16:08:36.853580Z,2025-09-19T16:08:37.442197Z,10.985,11.783796610169478,10.488000000000001,44.065,588.617,570.5683753026631,511.09099999999995,654.072,826
2025-09-19T16:08:43.013311Z,2025-09-19T16:08:42.446310Z,2025-09-19T16:08:43.024655Z,11.344,11.78326481257556,10.488000000000001,44.065,578.345,570.5777787182583,511.09099999999995,654.072,827
2025-09-19T16:08:48.605850Z,2025-09-19T16:08:48.030287Z,2025-09-19T16:08:48.616824Z,10.974,11.782287439613512,10.488000000000001,44.065,586.5369999999999,570.5970531400962,511.09099999999995,654.072,828
2025-09-19T16:08:54.261606Z,2025-09-19T16:08:53.622299Z,2025-09-19T16:08:54.272729Z,11.123,11.78149215922797,10.488000000000001,44.065,650.43,570.6933534378766,511.09099999999995,654.072,829
2025-09-19T16:08:59.847892Z,2025-09-19T16:08:59.278300Z,2025-09-19T16:08:59.859065Z,11.173,11.780759036144563,10.488000000000001,44.065,580.765,570.7054879518067,511.09099999999995,654.072,830
2025-09-19T16:09:05.414700Z,2025-09-19T16:09:04.862334Z,2025-09-19T16:09:05.426071Z,11.370999999999999,11.78026594464499,10.488000000000001,44.065,563.7370000000001,570.6971022864014,511.09099999999995,654.072,831
2025-09-19T16:09:11.000712Z,2025-09-19T16:09:10.431938Z,2025-09-19T16:09:11.011935Z,11.223,11.779596153846137,10.488000000000001,44.065,579.997,570.7082800480765,511.09099999999995,654.072,832
2025-09-19T16:09:16.575147Z,2025-09-19T16:09:16.014340Z,2025-09-19T16:09:16.586555Z,11.408,11.779150060023992,10.488000000000001,44.065,572.215,570.7100888355337,511.09099999999995,654.072,833
2025-09-19T16:09:22.147730Z,2025-09-19T16:09:21.590291Z,2025-09-19T16:09:22.158810Z,11.08,11.778311750599505,10.488000000000001,44.065,568.519,570.707461630695,511.09099999999995,654.072,834
2025-09-19T16:09:27.726758Z,2025-09-19T16:09:27.162292Z,2025-09-19T16:09:27.737904Z,11.145999999999999,11.777554491017948,10.488000000000001,44.065,575.612,570.7133353293409,511.09099999999995,654.072,835
2025-09-19T16:09:33.306909Z,2025-09-19T16:09:32.742303Z,2025-09-19T16:09:33.318016Z,11.107000000000001,11.77675239234448,10.488000000000001,44.065,575.7130000000001,570.7193157894732,511.09099999999995,654.072,836
2025-09-19T16:09:38.887172Z,2025-09-19T16:09:38.322336Z,2025-09-19T16:09:38.898192Z,11.02,11.775848267622445,10.488000000000001,44.065,575.856,570.7254528076459,511.09099999999995,654.072,837
2025-09-19T16:09:44.480426Z,2025-09-19T16:09:43.903948Z,2025-09-19T16:09:44.491486Z,11.06,11.774994033412874,10.488000000000001,44.065,587.538,570.7455155131261,511.09099999999995,654.072,838
2025-09-19T16:09:50.061104Z,2025-09-19T16:09:49.497503Z,2025-09-19T16:09:50.072298Z,11.194,11.774301549463631,10.488000000000001,44.065,574.795,570.750342073897,511.09099999999995,654.072,839
2025-09-19T16:09:55.620824Z,2025-09-19T16:09:55.078289Z,2025-09-19T16:09:55.631909Z,11.084999999999999,11.773480952380938,10.488000000000001,44.065,553.62,570.7299488095233,511.09099999999995,654.072,840
2025-09-19T16:10:01.156912Z,2025-09-19T16:10:00.634351Z,2025-09-19T16:10:01.167683Z,10.770999999999999,11.772288941736013,10.488000000000001,44.065,533.332,570.6854803804989,511.09099999999995,654.072,841
2025-09-19T16:10:06.744916Z,2025-09-19T16:10:06.170291Z,2025-09-19T16:10:06.755321Z,10.405,11.770665083135377,10.405,44.065,585.0300000000001,570.7025166270779,511.09099999999995,654.072,842
2025-09-19T16:10:12.307753Z,2025-09-19T16:10:11.758298Z,2025-09-19T16:10:12.318633Z,10.88,11.769608540925251,10.405,44.065,560.335,570.6902182680898,511.09099999999995,654.072,843
2025-09-19T16:10:17.861579Z,2025-09-19T16:10:17.324268Z,2025-09-19T16:10:17.872534Z,10.955,11.768643364928895,10.405,44.065,548.2660000000001,570.6636492890991,511.09099999999995,654.072,844
2025-09-19T16:10:23.444944Z,2025-09-19T16:10:22.874299Z,2025-09-19T16:10:23.456447Z,11.503,11.768328994082825,10.405,44.065,582.148,570.677240236686,511.09099999999995,654.072,845
2025-09-19T16:10:29.010360Z,2025-09-19T16:10:28.462298Z,2025-09-19T16:10:29.021725Z,11.365,11.767852245862867,10.405,44.065,559.427,570.6639420803779,511.09099999999995,654.072,846
2025-09-19T16:10:34.584830Z,2025-09-19T16:10:34.026882Z,2025-09-19T16:10:34.595599Z,10.769,11.76667296340022,10.405,44.065,568.717,570.6616434474613,511.09099999999995,654.072,847
2025-09-19T16:10:40.168662Z,2025-09-19T16:10:39.599028Z,2025-09-19T16:10:40.179925Z,11.263,11.766079009433945,10.405,44.065,580.897,570.6737134433957,511.09099999999995,654.072,848
2025-09-19T16:10:45.681233Z,2025-09-19T16:10:45.182666Z,2025-09-19T16:10:45.692558Z,11.325,11.76555948174321,10.405,44.065,509.892,570.6021213191987,509.892,654.072,849
2025-09-19T16:10:51.275428Z,2025-09-19T16:10:50.698292Z,2025-09-19T16:10:51.286689Z,11.261000000000001,11.764965882352922,10.405,44.065,588.3969999999999,570.6230564705877,509.892,654.072,850
2025-09-19T16:10:56.806104Z,2025-09-19T16:10:56.290303Z,2025-09-19T16:10:56.817176Z,11.072000000000001,11.764151586368959,10.405,44.065,526.873,570.571646298472,509.892,654.072,851
2025-09-19T16:11:02.347547Z,2025-09-19T16:11:01.822365Z,2025-09-19T16:11:02.359085Z,11.538,11.763886150234724,10.405,44.065,536.72,570.5319143192485,509.892,654.072,852
2025-09-19T16:11:07.952381Z,2025-09-19T16:11:07.365180Z,2025-09-19T16:11:07.963751Z,11.37,11.763424384525186,10.405,44.065,598.5709999999999,570.5647854630711,509.892,654.072,853
2025-09-19T16:11:13.523916Z,2025-09-19T16:11:12.966272Z,2025-09-19T16:11:13.535171Z,11.254999999999999,11.762829039812628,10.405,44.065,568.899,570.5628348946132,509.892,654.072,854
2025-09-19T16:11:19.080705Z,2025-09-19T16:11:18.538291Z,2025-09-19T16:11:19.092293Z,11.588,11.76262456140349,10.405,44.065,554.002,570.5434654970755,509.892,654.072,855
2025-09-19T16:11:24.661573Z,2025-09-19T16:11:24.098292Z,2025-09-19T16:11:24.672647Z,11.074,11.761820093457924,10.405,44.065,574.3549999999999,570.5479182242988,509.892,654.072,856
2025-09-19T16:11:30.288683Z,2025-09-19T16:11:29.678293Z,2025-09-19T16:11:30.299841Z,11.158,11.76111551925319,10.405,44.065,621.548,570.6074282380393,509.892,654.072,857
2025-09-19T16:11:35.861508Z,2025-09-19T16:11:35.303902Z,2025-09-19T16:11:35.872704Z,11.196,11.760456876456857,10.405,44.065,568.802,570.6053240093236,509.892,654.072,858
2025-09-19T16:11:41.439010Z,2025-09-19T16:11:40.878346Z,2025-09-19T16:11:41.449928Z,10.918000000000001,11.759476135040726,10.405,44.065,571.582,570.6064610011638,509.892,654.072,859
2025-09-19T16:11:47.007976Z,2025-09-19T16:11:46.454305Z,2025-09-19T16:11:47.018722Z,10.746,11.758297674418586,10.405,44.065,564.4169999999999,570.599263953488,509.892,654.072,860
2025-09-19T16:11:52.580274Z,2025-09-19T16:11:52.022801Z,2025-09-19T16:11:52.591454Z,11.180000000000001,11.757626016260144,10.405,44.065,568.653,570.5970034843202,509.892,654.072,861
2025-09-19T16:11:58.127546Z,2025-09-19T16:11:57.596072Z,2025-09-19T16:11:58.138782Z,11.235999999999999,11.757020881670515,10.405,44.065,542.71,570.5646519721573,509.892,654.072,862
2025-09-19T16:12:03.649763Z,2025-09-19T16:12:03.142314Z,2025-09-19T16:12:03.661028Z,11.265,11.75645075318654,10.405,44.065,518.714,570.504570104287,509.892,654.072,863
2025-09-19T16:12:09.227081Z,2025-09-19T16:12:08.666296Z,2025-09-19T16:12:09.237801Z,10.72,11.755251157407386,10.405,44.065,571.505,570.5057280092589,509.892,654.072,864
2025-09-19T16:12:14.801955Z,2025-09-19T16:12:14.242300Z,2025-09-19T16:12:14.813226Z,11.270999999999999,11.754691329479748,10.405,44.065,570.926,570.506213872832,509.892,654.072,865
2025-09-19T16:12:20.367555Z,2025-09-19T16:12:19.818303Z,2025-09-19T16:12:20.378549Z,10.994,11.753812933025385,10.405,44.065,560.246,570.4943660508079,509.892,654.072,866
2025-09-19T16:12:25.907419Z,2025-09-19T16:12:25.382290Z,2025-09-19T16:12:25.918387Z,10.968,11.752906574394444,10.405,44.065,536.0970000000001,570.4546920415221,509.892,654.072,867
2025-09-19T16:12:31.480909Z,2025-09-19T16:12:30.923964Z,2025-09-19T16:12:31.491962Z,11.053,11.75210023041473,10.405,44.065,567.998,570.4518617511516,509.892,654.072,868
2025-09-19T16:12:37.051501Z,2025-09-19T16:12:36.494266Z,2025-09-19T16:12:37.062803Z,11.302,11.751582278480996,10.405,44.065,568.5369999999999,570.4496582278476,509.892,654.072,869
2025-09-19T16:12:42.629878Z,2025-09-19T16:12:42.066705Z,2025-09-19T16:12:42.640915Z,11.037,11.750760919540213,10.405,44.065,574.21,570.4539804597697,509.892,654.072,870
2025-09-19T16:12:48.161810Z,2025-09-19T16:12:47.646309Z,2025-09-19T16:12:48.173438Z,11.628,11.75061997703787,10.405,44.065,527.1289999999999,570.4042388059697,509.892,654.072,871
2025-09-19T16:12:53.726141Z,2025-09-19T16:12:53.178456Z,2025-09-19T16:12:53.737316Z,11.174999999999999,11.749959862385303,10.405,44.065,558.86,570.3909999999995,509.892,654.072,872
2025-09-19T16:12:59.285747Z,2025-09-19T16:12:58.742301Z,2025-09-19T16:12:59.296932Z,11.185,11.749312714776613,10.405,44.065,554.631,570.3729473081323,509.892,654.072,873
2025-09-19T16:13:04.856766Z,2025-09-19T16:13:04.302335Z,2025-09-19T16:13:04.868230Z,11.464,11.748986270022865,10.405,44.065,565.895,570.3678237986265,509.892,654.072,874
2025-09-19T16:13:10.440212Z,2025-09-19T16:13:09.873529Z,2025-09-19T16:13:10.451218Z,11.006,11.748137142857125,10.405,44.065,577.689,570.3761908571424,509.892,654.072,875
2025-09-19T16:13:16.060187Z,2025-09-19T16:13:15.454348Z,2025-09-19T16:13:16.070900Z,10.713000000000001,11.746955479452037,10.405,44.065,616.552,570.428902968036,509.892,654.072,876
2025-09-19T16:13:21.661632Z,2025-09-19T16:13:21.075213Z,2025-09-19T16:13:21.672732Z,11.1,11.746217787913325,10.405,44.065,597.519,570.4597924743439,509.892,654.072,877
2025-09-19T16:13:27.247945Z,2025-09-19T16:13:26.678308Z,2025-09-19T16:13:27.259303Z,11.358,11.745775626423674,10.405,44.065,580.995,570.4717915717534,509.892,654.072,878
2025-09-19T16:13:32.812135Z,2025-09-19T16:13:32.262303Z,2025-09-19T16:13:32.823123Z,10.988,11.744913538111472,10.405,44.065,560.8199999999999,570.4608111490325,509.892,654.072,879
2025-09-19T16:13:38.371450Z,2025-09-19T16:13:37.826321Z,2025-09-19T16:13:38.382868Z,11.418,11.744542045454528,10.405,44.065,556.547,570.4449999999995,509.892,654.072,880
2025-09-19T16:13:43.939656Z,2025-09-19T16:13:43.386303Z,2025-09-19T16:13:43.950789Z,11.133000000000001,11.743847900113488,10.405,44.065,564.486,570.4382360953457,509.892,654.072,881
2025-09-19T16:13:49.456713Z,2025-09-19T16:13:48.956730Z,2025-09-19T16:13:49.467860Z,11.147,11.74317120181404,10.405,44.065,511.13,570.3709931972784,509.892,654.072,882
2025-09-19T16:13:55.023087Z,2025-09-19T16:13:54.473682Z,2025-09-19T16:13:55.033981Z,10.893999999999998,11.742209513023765,10.405,44.065,560.299,570.359586636466,509.892,654.072,883
2025-09-19T16:14:00.616161Z,2025-09-19T16:14:00.038310Z,2025-09-19T16:14:00.627315Z,11.154,11.74154411764704,10.405,44.065,589.005,570.3806787330311,509.892,654.072,884
2025-09-19T16:14:06.202973Z,2025-09-19T16:14:05.633356Z,2025-09-19T16:14:06.214015Z,11.042,11.740753672316366,10.405,44.065,580.659,570.3922926553668,509.892,654.072,885
2025-09-19T16:14:11.784016Z,2025-09-19T16:14:11.218304Z,2025-09-19T16:14:11.795155Z,11.139,11.740074492099303,10.405,44.065,576.851,570.399582392776,509.892,654.072,886
2025-09-19T16:14:17.346765Z,2025-09-19T16:14:16.798628Z,2025-09-19T16:14:17.357561Z,10.796,11.739010146561423,10.405,44.065,558.933,570.3866550169105,509.892,654.072,887
2025-09-19T16:14:22.928451Z,2025-09-19T16:14:22.362322Z,2025-09-19T16:14:22.939793Z,11.342,11.738563063063044,10.405,44.065,577.471,570.3946328828824,509.892,654.072,888
2025-09-19T16:14:28.485618Z,2025-09-19T16:14:27.942369Z,2025-09-19T16:14:28.497383Z,11.764999999999999,11.738592800899868,10.405,44.065,555.014,570.3773318335203,509.892,654.072,889
2025-09-19T16:14:34.027962Z,2025-09-19T16:14:33.498961Z,2025-09-19T16:14:34.039105Z,11.143,11.7379235955056,10.405,44.065,540.144,570.3433617977522,509.892,654.072,890
2025-09-19T16:14:39.596897Z,2025-09-19T16:14:39.042294Z,2025-09-19T16:14:39.608141Z,11.244,11.737369248035897,10.405,44.065,565.847,570.3383153759816,509.892,654.072,891
2025-09-19T16:14:45.114895Z,2025-09-19T16:14:44.614134Z,2025-09-19T16:14:45.125632Z,10.737,11.736247757847515,10.405,44.065,511.498,570.2723508968605,509.892,654.072,892
2025-09-19T16:14:50.698033Z,2025-09-19T16:14:50.130876Z,2025-09-19T16:14:50.709009Z,10.975999999999999,11.73539641657333,10.405,44.065,578.133,570.281153415453,509.892,654.072,893
2025-09-19T16:14:56.262970Z,2025-09-19T16:14:55.714320Z,2025-09-19T16:14:56.274056Z,11.086,11.734670022371347,10.405,44.065,559.736,570.269357941834,509.892,654.072,894
2025-09-19T16:15:01.799530Z,2025-09-19T16:15:01.275307Z,2025-09-19T16:15:01.810841Z,11.311,11.734196648044675,10.405,44.065,535.534,570.230547486033,509.892,654.072,895
2025-09-19T16:15:07.324016Z,2025-09-19T16:15:06.814314Z,2025-09-19T16:15:07.335340Z,11.324000000000002,11.733738839285696,10.405,44.065,521.026,570.175631696428,509.892,654.072,896
2025-09-19T16:15:12.837001Z,2025-09-19T16:15:12.338291Z,2025-09-19T16:15:12.863976Z,26.974999999999998,11.75073021181715,10.405,44.065,525.685,570.1260323299883,509.892,654.072,897
2025-09-19T16:15:18.440337Z,2025-09-19T16:15:17.870049Z,2025-09-19T16:15:18.451291Z,10.954,11.749842984409781,10.405,44.065,581.2420000000001,570.1384109131398,509.892,654.072,898
2025-09-19T16:15:24.017690Z,2025-09-19T16:15:23.457117Z,2025-09-19T16:15:24.028541Z,10.850999999999999,11.748843159065611,10.405,44.065,571.4240000000001,570.139840934371,509.892,654.072,899
2025-09-19T16:15:29.596859Z,2025-09-19T16:15:29.034305Z,2025-09-19T16:15:29.607870Z,11.011,11.748023333333316,10.405,44.065,573.5649999999999,570.1436466666662,509.892,654.072,900
2025-09-19T16:15:35.148242Z,2025-09-19T16:15:34.610440Z,2025-09-19T16:15:35.159223Z,10.981,11.747172031076563,10.405,44.065,548.783,570.1199389567142,509.892,654.072,901
2025-09-19T16:15:40.707378Z,2025-09-19T16:15:40.162272Z,2025-09-19T16:15:40.718290Z,10.911999999999999,11.746246119733906,10.405,44.065,556.018,570.1043048780482,509.892,654.072,902
2025-09-19T16:15:46.289494Z,2025-09-19T16:15:45.723391Z,2025-09-19T16:15:46.300854Z,11.36,11.745818383167201,10.405,44.065,577.463,570.1124540420814,509.892,654.072,903
2025-09-19T16:15:51.889288Z,2025-09-19T16:15:51.306347Z,2025-09-19T16:15:51.900567Z,11.279000000000002,11.745301991150424,10.405,44.065,594.22,570.1391216814152,509.892,654.072,904
2025-09-19T16:15:57.462533Z,2025-09-19T16:15:56.906314Z,2025-09-19T16:15:57.473671Z,11.138,11.744630939226502,10.405,44.065,567.357,570.1360475138115,509.892,654.072,905
2025-09-19T16:16:03.049663Z,2025-09-19T16:16:02.478301Z,2025-09-19T16:16:03.060786Z,11.123,11.743944812362011,10.405,44.065,582.485,570.1496777041937,509.892,654.072,906
2025-09-19T16:16:08.579468Z,2025-09-19T16:16:08.066300Z,2025-09-19T16:16:08.590139Z,10.671,11.74276185226018,10.405,44.065,523.839,570.0986185226013,509.892,654.072,907
2025-09-19T16:16:14.160274Z,2025-09-19T16:16:13.594288Z,2025-09-19T16:16:14.171503Z,11.229,11.742196035242273,10.405,44.065,577.215,570.1064559471359,509.892,654.072,908
2025-09-19T16:16:19.752410Z,2025-09-19T16:16:19.174306Z,2025-09-19T16:16:19.763652Z,11.242,11.74164576457644,10.405,44.065,589.346,570.1276215621556,509.892,654.072,909
2025-09-19T16:16:25.324583Z,2025-09-19T16:16:24.765173Z,2025-09-19T16:16:25.335900Z,11.317,11.741179120879103,10.405,44.065,570.727,570.1282802197795,509.892,654.072,910
2025-09-19T16:16:30.922767Z,2025-09-19T16:16:30.338308Z,2025-09-19T16:16:30.934118Z,11.350999999999999,11.74075082327111,10.405,44.065,595.81,570.1564709110861,509.892,654.072,911
2025-09-19T16:16:36.460537Z,2025-09-19T16:16:35.938296Z,2025-09-19T16:16:36.471428Z,10.891,11.73981907894735,10.405,44.065,533.1320000000001,570.1158739035081,509.892,654.072,912
2025-09-19T16:16:42.028150Z,2025-09-19T16:16:41.477460Z,2025-09-19T16:16:42.039145Z,10.995,11.739003285870737,10.405,44.065,561.685,570.1066396495066,509.892,654.072,913
2025-09-19T16:16:47.587787Z,2025-09-19T16:16:47.042291Z,2025-09-19T16:16:47.598751Z,10.964,11.738155361050309,10.405,44.065,556.4599999999999,570.0917089715531,509.892,654.072,914
2025-09-19T16:16:53.205215Z,2025-09-19T16:16:52.604615Z,2025-09-19T16:16:53.217057Z,11.842,11.738268852458997,10.405,44.065,612.442,570.1379934426224,509.892,654.072,915
2025-09-19T16:16:58.788413Z,2025-09-19T16:16:58.222277Z,2025-09-19T16:16:58.799348Z,10.935,11.737391921397359,10.405,44.065,577.071,570.1455622270737,509.892,654.072,916
2025-09-19T16:17:04.367363Z,2025-09-19T16:17:03.804130Z,2025-09-19T16:17:04.378426Z,11.063,11.736656488549599,10.405,44.065,574.296,570.1500883315152,509.892,654.072,917
2025-09-19T16:17:09.943373Z,2025-09-19T16:17:09.384464Z,2025-09-19T16:17:09.954713Z,11.34,11.736224400871441,10.405,44.065,570.249,570.1501960784309,509.892,654.072,918
2025-09-19T16:17:15.519560Z,2025-09-19T16:17:14.956402Z,2025-09-19T16:17:15.530412Z,10.852,11.735262241566902,10.405,44.065,574.01,570.1543960826981,509.892,654.072,919
2025-09-19T16:17:21.096704Z,2025-09-19T16:17:20.534294Z,2025-09-19T16:17:21.107553Z,10.848999999999998,11.734298913043459,10.405,44.065,573.259,570.1577706521734,509.892,654.072,920
2025-09-19T16:17:26.678339Z,2025-09-19T16:17:26.110291Z,2025-09-19T16:17:26.689656Z,11.317,11.73384581976111,10.405,44.065,579.365,570.167767643865,509.892,654.072,921
2025-09-19T16:17:32.261107Z,2025-09-19T16:17:31.694291Z,2025-09-19T16:17:32.272281Z,11.174,11.733238611713647,10.405,44.065,577.99,570.1762516268976,509.892,654.072,922
2025-09-19T16:17:37.866244Z,2025-09-19T16:17:37.274340Z,2025-09-19T16:17:37.876950Z,10.706,11.732125677139745,10.405,44.065,602.61,570.211391115926,509.892,654.072,923
2025-09-19T16:17:43.408878Z,2025-09-19T16:17:42.882312Z,2025-09-19T16:17:43.419955Z,11.077,11.731416666666648,10.405,44.065,537.643,570.1761439393936,509.892,654.072,924
2025-09-19T16:17:49.001768Z,2025-09-19T16:17:48.423684Z,2025-09-19T16:17:49.012820Z,11.052,11.730682162162145,10.405,44.065,589.136,570.1966410810808,509.892,654.072,925
2025-09-19T16:17:54.543249Z,2025-09-19T16:17:54.018767Z,2025-09-19T16:17:54.554457Z,11.207999999999998,11.730117710583135,10.405,44.065,535.69,570.1593768898485,509.892,654.072,926
2025-09-19T16:18:00.133690Z,2025-09-19T16:17:59.558313Z,2025-09-19T16:18:00.144955Z,11.265,11.729615965480024,10.405,44.065,586.642,570.1771574973028,509.892,654.072,927
2025-09-19T16:18:05.661421Z,2025-09-19T16:18:05.150315Z,2025-09-19T16:18:05.672795Z,11.374,11.72923275862067,10.405,44.065,522.48,570.1257596982756,509.892,654.072,928
2025-09-19T16:18:11.239861Z,2025-09-19T16:18:10.678290Z,2025-09-19T16:18:11.251136Z,11.275,11.72874381054896,10.405,44.065,572.846,570.1286878363829,509.892,654.072,929
2025-09-19T16:18:16.812764Z,2025-09-19T16:18:16.254317Z,2025-09-19T16:18:16.823587Z,10.822999999999999,11.7277698924731,10.405,44.065,569.2700000000001,570.1277645161287,509.892,654.072,930
2025-09-19T16:18:22.406229Z,2025-09-19T16:18:21.826441Z,2025-09-19T16:18:22.417493Z,11.264,11.727271750805567,10.405,44.065,591.052,570.1502395273895,509.892,654.072,931
2025-09-19T16:18:27.958499Z,2025-09-19T16:18:27.422324Z,2025-09-19T16:18:27.969772Z,11.273,11.72678433476393,10.405,44.065,547.4480000000001,570.1258809012872,509.892,654.072,932
2025-09-19T16:18:33.511677Z,2025-09-19T16:18:32.975405Z,2025-09-19T16:18:33.522060Z,10.383,11.725344051446925,10.383,44.065,546.655,570.1007245444799,509.892,654.072,933
2025-09-19T16:18:39.096597Z,2025-09-19T16:18:38.527594Z,2025-09-19T16:18:39.107664Z,11.067,11.724639186295484,10.383,44.065,580.0699999999999,570.1113982869376,509.892,654.072,934
2025-09-19T16:18:44.688775Z,2025-09-19T16:18:44.113706Z,2025-09-19T16:18:44.700062Z,11.287,11.724171122994631,10.383,44.065,586.356,570.128772192513,509.892,654.072,935
2025-09-19T16:18:50.261821Z,2025-09-19T16:18:49.703322Z,2025-09-19T16:18:50.272459Z,10.638,11.723010683760664,10.383,44.065,569.1370000000001,570.1277126068372,509.892,654.072,936
2025-09-19T16:18:55.833975Z,2025-09-19T16:18:55.278307Z,2025-09-19T16:18:55.844649Z,10.674,11.72189114194235,10.383,44.065,566.342,570.1236723585909,509.892,654.072,937
2025-09-19T16:19:01.391997Z,2025-09-19T16:19:00.850314Z,2025-09-19T16:19:01.403132Z,11.135000000000002,11.721265458422154,10.383,44.065,552.818,570.1052228144986,509.892,654.072,938
2025-09-19T16:19:06.979798Z,2025-09-19T16:19:06.408199Z,2025-09-19T16:19:06.991096Z,11.298,11.720814696485602,10.383,44.065,582.897,570.1188455804042,509.892,654.072,939
2025-09-19T16:19:12.584714Z,2025-09-19T16:19:11.993674Z,2025-09-19T16:19:12.595825Z,11.110999999999999,11.720165957446788,10.383,44.065,602.151,570.1529223404252,509.892,654.072,940
2025-09-19T16:19:18.116830Z,2025-09-19T16:19:17.600050Z,2025-09-19T16:19:18.128127Z,11.297,11.7197162592986,10.383,44.065,528.077,570.108208289054,509.892,654.072,941
2025-09-19T16:19:23.718793Z,2025-09-19T16:19:23.129947Z,2025-09-19T16:19:23.729460Z,10.667,11.71859872611463,10.383,44.065,599.5129999999999,570.1394235668787,509.892,654.072,942
2025-09-19T16:19:29.295874Z,2025-09-19T16:19:28.734291Z,2025-09-19T16:19:29.307510Z,11.636000000000001,11.718511134676543,10.383,44.065,573.219,570.1426892895013,509.892,654.072,943
2025-09-19T16:19:34.872874Z,2025-09-19T16:19:34.310303Z,2025-09-19T16:19:34.883793Z,10.919,11.717664194915232,10.383,44.065,573.49,570.1462351694912,509.892,654.072,944
2025-09-19T16:19:40.451507Z,2025-09-19T16:19:39.887761Z,2025-09-19T16:19:40.462695Z,11.188,11.717103703703684,10.383,44.065,574.934,570.1513015873013,509.892,654.072,945
2025-09-19T16:19:46.019861Z,2025-09-19T16:19:45.466295Z,2025-09-19T16:19:46.031274Z,11.413,11.716782241014778,10.383,44.065,564.979,570.1458340380547,509.892,654.072,946
2025-09-19T16:19:51.587242Z,2025-09-19T16:19:51.037187Z,2025-09-19T16:19:51.598425Z,11.183,11.71621858500526,10.383,44.065,561.238,570.1364276663144,509.892,654.072,947
2025-09-19T16:19:57.161435Z,2025-09-19T16:19:56.603899Z,2025-09-19T16:19:57.173063Z,11.628,11.71612552742614,10.383,44.065,569.164,570.1354018987339,509.892,654.072,948
2025-09-19T16:20:02.718988Z,2025-09-19T16:20:02.178273Z,2025-09-19T16:20:02.729833Z,10.845,11.715207586933595,10.383,44.065,551.5600000000001,570.1158282402527,509.892,654.072,949
2025-09-19T16:20:08.295129Z,2025-09-19T16:20:07.734293Z,2025-09-19T16:20:08.306139Z,11.010000000000002,11.714465263157875,10.383,44.065,571.846,570.117649473684,509.892,654.072,950
2025-09-19T16:20:13.861587Z,2025-09-19T16:20:13.310293Z,2025-09-19T16:20:13.872924Z,11.337,11.714068349106185,10.383,44.065,562.631,570.109777076761,509.892,654.072,951
2025-09-19T16:20:19.425661Z,2025-09-19T16:20:18.878299Z,2025-09-19T16:20:19.436840Z,11.179,11.713506302520988,10.383,44.065,558.5409999999999,570.0976249999998,509.892,654.072,952
2025-09-19T16:20:24.989040Z,2025-09-19T16:20:24.442878Z,2025-09-19T16:20:25.000600Z,11.56,11.713345225603337,10.383,44.065,557.7220000000001,570.0846390346272,509.892,654.072,953
2025-09-19T16:20:30.514744Z,2025-09-19T16:20:30.006297Z,2025-09-19T16:20:30.525769Z,11.025,11.712623689727442,10.383,44.065,519.4720000000001,570.0315859538781,509.892,654.072,954
2025-09-19T16:20:36.110276Z,2025-09-19T16:20:35.531766Z,2025-09-19T16:20:36.120893Z,10.616999999999999,11.711476439790555,10.383,44.065,589.127,570.0515811518321,509.892,654.072,955
2025-09-19T16:20:41.694421Z,2025-09-19T16:20:41.126312Z,2025-09-19T16:20:41.705705Z,11.284,11.711029288702909,10.383,44.065,579.393,570.0613525104599,509.892,654.072,956
2025-09-19T16:20:47.266053Z,2025-09-19T16:20:46.710291Z,2025-09-19T16:20:47.277292Z,11.239,11.710536050156717,10.383,44.065,567.001,570.0581546499474,509.892,654.072,957
2025-09-19T16:20:52.883608Z,2025-09-19T16:20:52.282299Z,2025-09-19T16:20:52.894022Z,10.414,11.7091826722338,10.383,44.065,611.7230000000001,570.1016461377867,509.892,654.072,958
2025-09-19T16:20:58.461609Z,2025-09-19T16:20:57.899367Z,2025-09-19T16:20:58.472986Z,11.377,11.70883628779977,10.383,44.065,573.619,570.1053138686127,509.892,654.072,959
2025-09-19T16:21:04.041083Z,2025-09-19T16:21:03.477041Z,2025-09-19T16:21:04.052337Z,11.254,11.708362499999978,10.383,44.065,575.296,570.110720833333,509.892,654.072,960
2025-09-19T16:21:09.611141Z,2025-09-19T16:21:09.058279Z,2025-09-19T16:21:09.622041Z,10.9,11.707521331945866,10.383,44.065,563.762,570.1041144640994,509.892,654.072,961
2025-09-19T16:21:15.137229Z,2025-09-19T16:21:14.626293Z,2025-09-19T16:21:15.148434Z,11.205,11.70699896049894,10.383,44.065,522.141,570.0542567567564,509.892,654.072,962
2025-09-19T16:21:20.714441Z,2025-09-19T16:21:20.154291Z,2025-09-19T16:21:20.725469Z,11.028,11.706293873312543,10.383,44.065,571.178,570.0554236760122,509.892,654.072,963
2025-09-19T16:21:26.297799Z,2025-09-19T16:21:25.730367Z,2025-09-19T16:21:26.309384Z,11.584999999999999,11.70616804979251,10.383,44.065,579.017,570.0647199170121,509.892,654.072,964
2025-09-19T16:21:31.879777Z,2025-09-19T16:21:31.315375Z,2025-09-19T16:21:31.890707Z,10.93,11.705363730569925,10.383,44.065,575.332,570.0701782383417,509.892,654.072,965
2025-09-19T16:21:37.480710Z,2025-09-19T16:21:36.894307Z,2025-09-19T16:21:37.491825Z,11.115,11.704752587991697,10.383,44.065,597.518,570.0985921325049,509.892,654.072,966
2025-09-19T16:21:43.018346Z,2025-09-19T16:21:42.497159Z,2025-09-19T16:21:43.029498Z,11.152000000000001,11.704180972078571,10.383,44.065,532.339,570.0595439503618,509.892,654.072,967
2025-09-19T16:21:48.588237Z,2025-09-19T16:21:48.034297Z,2025-09-19T16:21:48.599222Z,10.985,11.703438016528903,10.383,44.065,564.925,570.0542396694212,509.892,654.072,968
2025-09-19T16:21:54.220991Z,2025-09-19T16:21:53.602292Z,2025-09-19T16:21:54.232076Z,11.084999999999999,11.70279979360163,10.383,44.065,629.784,570.1158802889574,509.892,654.072,969
2025-09-19T16:21:59.814700Z,2025-09-19T16:21:59.238094Z,2025-09-19T16:21:59.826028Z,11.328,11.702413402061833,10.383,44.065,587.934,570.1342494845359,509.892,654.072,970
2025-09-19T16:22:05.466154Z,2025-09-19T16:22:04.830322Z,2025-09-19T16:22:05.477343Z,11.189,11.701884654994828,10.383,44.065,647.021,570.2134325437692,509.892,654.072,971
2025-09-19T16:22:11.029360Z,2025-09-19T16:22:10.482358Z,2025-09-19T16:22:11.040781Z,11.421000000000001,11.701595679012325,10.383,44.065,558.423,570.2013024691355,509.892,654.072,972
2025-09-19T16:22:16.598767Z,2025-09-19T16:22:16.046338Z,2025-09-19T16:22:16.609945Z,11.178,11.701057553956812,10.383,44.065,563.607,570.1945251798558,509.892,654.072,973
2025-09-19T16:22:22.173026Z,2025-09-19T16:22:21.614534Z,2025-09-19T16:22:22.183737Z,10.711,11.700041067761786,10.383,44.065,569.203,570.193507186858,509.892,654.072,974
2025-09-19T16:22:27.753306Z,2025-09-19T16:22:27.189569Z,2025-09-19T16:22:27.764473Z,11.167,11.699494358974338,10.383,44.065,574.904,570.1983384615381,509.892,654.072,975
2025-09-19T16:22:33.324849Z,2025-09-19T16:22:32.770201Z,2025-09-19T16:22:33.336190Z,11.341000000000001,11.699127049180305,10.383,44.065,565.9889999999999,570.1940256147537,509.892,654.072,976
2025-09-19T16:22:38.903203Z,2025-09-19T16:22:38.338332Z,2025-09-19T16:22:38.914375Z,11.171999999999999,11.698587512794246,10.383,44.065,576.043,570.200012282497,509.892,654.072,977
2025-09-19T16:22:44.491704Z,2025-09-19T16:22:43.918296Z,2025-09-19T16:22:44.502681Z,10.977,11.697849693251513,10.383,44.065,584.385,570.2145163599179,509.892,654.072,978
2025-09-19T16:22:50.060960Z,2025-09-19T16:22:49.506299Z,2025-09-19T16:22:50.072066Z,11.106,11.697245148110294,10.383,44.065,565.767,570.2099734422877,509.892,654.072,979
2025-09-19T16:22:55.653402Z,2025-09-19T16:22:55.078105Z,2025-09-19T16:22:55.664509Z,11.107000000000001,11.696642857142836,10.383,44.065,586.404,570.2264979591835,509.892,654.072,980
2025-09-19T16:23:01.231165Z,2025-09-19T16:23:00.670315Z,2025-09-19T16:23:01.242068Z,10.902999999999999,11.69583384301731,10.383,44.065,571.7529999999999,570.2280540265032,509.892,654.072,981
2025-09-19T16:23:06.784789Z,2025-09-19T16:23:06.246382Z,2025-09-19T16:23:06.796089Z,11.299999999999999,11.695430753564136,10.383,44.065,549.707,570.2071568228104,509.892,654.072,982
2025-09-19T16:23:12.379555Z,2025-09-19T16:23:11.798554Z,2025-09-19T16:23:12.390590Z,11.035,11.694758901322462,10.383,44.065,592.0360000000001,570.229363173957,509.892,654.072,983
2025-09-19T16:23:17.944377Z,2025-09-19T16:23:17.394286Z,2025-09-19T16:23:17.955939Z,11.562,11.694623983739818,10.383,44.065,561.6529999999999,570.2206473577232,509.892,654.072,984
2025-09-19T16:23:23.541378Z,2025-09-19T16:23:22.958352Z,2025-09-19T16:23:23.552648Z,11.270000000000001,11.694192893400995,10.383,44.065,594.296,570.2450893401012,509.892,654.072,985
2025-09-19T16:23:29.108879Z,2025-09-19T16:23:28.558289Z,2025-09-19T16:23:29.119633Z,10.754,11.693239350912759,10.383,44.065,561.3439999999999,570.2360618661254,509.892,654.072,986
2025-09-19T16:23:34.678466Z,2025-09-19T16:23:34.123831Z,2025-09-19T16:23:34.689107Z,10.641,11.692173252279616,10.383,44.065,565.276,570.2310364741638,509.892,654.072,987
2025-09-19T16:23:40.251614Z,2025-09-19T16:23:39.694333Z,2025-09-19T16:23:40.262309Z,10.695,11.691163967611317,10.383,44.065,567.976,570.2287540485828,509.892,654.072,988
2025-09-19T16:23:45.849200Z,2025-09-19T16:23:45.268008Z,2025-09-19T16:23:45.860367Z,11.167,11.690633973710801,10.383,44.065,592.3589999999999,570.2511304347822,509.892,654.072,989
2025-09-19T16:23:51.432465Z,2025-09-19T16:23:50.862055Z,2025-09-19T16:23:51.443275Z,10.81,11.689744444444424,10.383,44.065,581.2199999999999,570.2622101010098,509.892,654.072,990
2025-09-19T16:23:57.043240Z,2025-09-19T16:23:56.446292Z,2025-09-19T16:23:57.054444Z,11.204,11.689254288597356,10.383,44.065,608.152,570.3004439959635,509.892,654.072,991
2025-09-19T16:24:02.604283Z,2025-09-19T16:24:02.058326Z,2025-09-19T16:24:02.615545Z,11.261999999999999,11.688823588709656,10.383,44.065,557.219,570.2872570564515,509.892,654.072,992
2025-09-19T16:24:08.188211Z,2025-09-19T16:24:07.621429Z,2025-09-19T16:24:08.199214Z,11.003,11.688132930513575,10.383,44.065,577.785,570.2948076535747,509.892,654.072,993
2025-09-19T16:24:13.752825Z,2025-09-19T16:24:13.205352Z,2025-09-19T16:24:13.763917Z,11.091999999999999,11.68753319919515,10.383,44.065,558.5649999999999,570.2830070422533,509.892,654.072,994
2025-09-19T16:24:19.326246Z,2025-09-19T16:24:18.766302Z,2025-09-19T16:24:19.337134Z,10.888,11.686729648241185,10.383,44.065,570.832,570.2835587939696,509.892,654.072,995
2025-09-19T16:24:24.896626Z,2025-09-19T16:24:24.342309Z,2025-09-19T16:24:24.908057Z,11.431000000000001,11.686472891566245,10.383,44.065,565.748,570.2790050200801,509.892,654.072,996
2025-09-19T16:24:30.490186Z,2025-09-19T16:24:29.914111Z,2025-09-19T16:24:30.501881Z,11.695,11.686481444332976,10.383,44.065,587.77,570.2965486459376,509.892,654.072,997
2025-09-19T16:24:36.023606Z,2025-09-19T16:24:35.507845Z,2025-09-19T16:24:36.034552Z,10.946,11.685739478957895,10.383,44.065,526.707,570.2528717434867,509.892,654.072,998
2025-09-19T16:24:41.592931Z,2025-09-19T16:24:41.040413Z,2025-09-19T16:24:41.603853Z,10.921999999999999,11.684974974974956,10.383,44.065,563.44,570.2460520520518,509.892,654.072,999
2025-09-19T16:24:47.161093Z,2025-09-19T16:24:46.606302Z,2025-09-19T16:24:47.172470Z,11.377,11.68466699999998,10.383,44.065,566.168,570.2419739999997,509.892,654.072,1000